









1 3 4 3 -1 1 0 7 -2 8 -7 1 -3 5 5 -4 2 8 8 -4 -5 -10 -1 -5 3 3 10 -3 3 -3 3 -10 5 -1 6 -5 3 -2 9 -9 -4 -5 -7 8 10 -3 -4 2 8 1 4 10 10 9 9 -3 -7 -4 9 4 7 -4 -10 -8 -6 5 -10 6 5 9 1 8 -3 0 1 4 1 -4 0 -8 2 -7 -10 7 8 -5 -3 2 5 10 -8 6 1 -7 -8 0 10 -7 -10 10 -4 -9 -10 -9 -4 10 -2 6 9 0 6 10 4 5 10 -7 -1 4 5 -6 8 3 -8 2 4 -6 1 -5 -1 7 2 2 -3 6 -6 -1 2 7 6 -5 8 6 -4 -8 3 3 -7 -8 1 5 -3 -1 -8 10 5 -3 -6 -10 6 4 4 3 -1 5 9 -1 9 4 -9 10 -3 -2 -3 -8 -8 -4 6 0 -5 7 9 9 -1 -5 8 9 -2 7 -5 5 0 -3 0 5 8 -2 1 -4 -5 -4 -9 -6 -1 -10 -1 -10 -7 -8 7 -10 1 10 3 4 9 6 0 6 6 -4 -7 8 5 -8 6 7 -4 7 8 2 -4 8 -7 -2 -5 1 2 3 8 -2 -4 0 2 0 5 1 1 1 0 -5 8 -8 -9 -5 -10 -1 0 10 2 -2 -5 -7 -8 6 -7 7 10 -9 8 7 -10 -10 8 -1 -10 -2 -6 9 2 5 -4 9 5 -9 10 -5 5 6 0 4 5 9 -10 -4 7 4 -7 4 3 -2 3 -7 9 9 0 8 8 4 9 2 3 4 6 -4 -5 -9 0 2 -3 7 -4 -7 -1 -1 7 6 10 -2 7 6 9 -6 -7 -4 6 -4 -10 0 -6 -7 9 -6 -8 -9 1 6 5 -5 -7 1 9 -1 -3 3 9 7 3 -8 4 -8 9 8 10 -1 0 7 0 10 10 -5 -7 10 -6 8 2 4 4 -7 8 9 -7 6 -6 -1 -8 4 1 2 3 -8 9 1 -1 -7 8 0 -5 -4 7 0 -6 10 -5 6 -2 -8 -5 1 -8 -2 9 7 4 5 -2 8 8 -8 9 3 -1 -5 -8 10 -9 7 9 -4 -7 -2 7 -9 2 -5 10 -6 7 8 9 0 -6 -10 3 -10 -7 -8 -5 -7 0 -4 6 -10 5 -2 -5 8 1 7 -7 -6 10 9 -6 2 1 -8 10 4 -5 5 10 4 4 -1 3 6 -3 2 0 -5 4 -1 10 7 -7 -7 -2 2 -5 -9 9 10 -2 3 2 -3 -9 7 -8 -6 5 4 2 -7 1 3 -10 -3 -7 8 -2 -7 -7 1 6 6 -7 -4 3 4 8 9 -7 -4 9 7 -7 7 4 5 1 -9 -7 -3 -4 -1 -10 4 2 -10 3 -6 3 6 8 -7 9 -4 -1 -6 6 -2 -1 1 9 -9 -10 8 -9 -4 -9 -5 -7 -9 5 -2 -5 0 -1 -5 0 2 0 3 -10 5 -3 -9 -10 -3 5 -7 -3 -6 0 3 0 8 7 0 -6 -3 9 9 0 -1 -9 -6 10 4 3 -8 -8 -7 -7 3 -10 3 0 -1 -8 5 1 -4 -7 -10 -10 -2 -1 -6 -6 9 1 8 5 -8 -9 0 -1 4 -7 5 0 -8 -6 -6 -7 7 -7 -7 0 8 10 -1 -8 8 -9 -5 10 10 5 -3 -3 -6 -9 4 -1 1 -3 0 1 -5 5 -5 7 9 -9 -5 0 -3 -4 8 6 -8 7 9 5 -10 10 -9 -8 1 8 -10 -6 2 -7 -1 3 -7 -2 8 6 4 6 1 0 -3 -5 5 -5 -10 -10 5 1 8 -10 6 0 -2 -6 -6 1 4 0 5 -7 -4 4 10 -7 0 -1 -4 7 -6 8 -1 -6 -10 -2 2 -7 4 5 -9 -7 5 -8 -10 -7 1 6 -5 9 -9 -2 -8 4 5 -7 -5 -4 -3 -6 10 -7 5 -1 2 -6 7 5 9 8 -3 -3 -1 -8 6 9 -9 -4 -6 9 -5 -2 -6 5 -7 -1 -4 6 -5 -2 5 -4 2 10 -8 2 -7 8 1 7 -6 2 -8 2 1 -8 3 -9 -2 0 10 8 -9 -2 -5 6 9 2 -7 -5 -4 2 3 -6 10 4 -4 -2 2 -4 7 7 5 -9 3 -2 -3 2 6 -9 -9 8 -4 -8 10 -4 1 0 6 -2 1 7 -8 5 -10 6 -9 7 3 4 -5 -10 1 2 10 7 -3 7 -2 6 0 3 -1 2 -2 9 2 -3 -3 9 -1 -3 9 -8 10 -5 8 7 -9 4 8 4 1 6 -8 8 -9 9 -9 -7 -7 -10 9 9 -1 6 6 -1 2 -9 8 -8 9 -6 -1 -10 2 -2 5 -9 -10 -10 -10 0 -1 -7 -7 0 -9 8 -2 4 -8 -1 0 0 4 -6 3 9 -10 4 7 0 -3 -2 -6 10 -4 3 -2 -4 0 7 4 7 4 2 -5 5 2 8 -9 -9 10 -10 7 10 9 -8 1 5 7 6 -4 -8 -6 3 -2 -1 5 8 -3 -9 -10 4 9 9 0 -10 5 8 -9 7 -4 2 5 4 -8 -6 2 -3 -8 -3 5 -4 5 5 -5 7 -1 -5 6 -10 -1 0 -6 6 3 -7 -1 -9 7 9 1 6 1 -6 2 -2 -9 -5 6 -8 -5 6 -4 0 0 -6 -6 -4 1 -6 0 2 9 -5 6 3 -1 -5 2 9 -1 -5 -2 -2 1 -3 -3 -2 4 4 -10 -1 10 6 -9 4 1 -6 2 9 -3 0 -6 8 4 -3 8 9 1 -8 -1 -3 -2 4 7 6 5 0 2 -7 5 -4 3 -8 0 -7 8 -10 7 -10 1 5 -8 -2 1 9 9 -6 7 -6 -4 -9 -3 4 4 -3 3 -3 9 0 -8 -6 -8 -6 -3 6 2 6 -7 -4 1 4 -5 10 -3 7 -6 5 -8 -1 3 -2 -2 -1 4 9 7 2 -2 1 -5 -5 -9 2 -1 4 -3 1 2 10 -7 1 8 -8 1 -4 -6 -7 5 -5 2 9 9 10 -8 5 3 9 -7 9 -10 1 -9 -10 9 -6 -9 1 -2 -1 3 -4 8 10 0 3 -3 7 6 -10 8 -6 -6 0 8 -4 -10 -10 -5 7 7 0 -5 0 6 7 10 3 -2 -1 -8 1 -5 1 9 4 -3 9 9 -3 -7 1 -3 -2 -5 9 5 -3 -5 5 1 -3 0 -3 8 -9 1 1 7 9 0 -5 5 -3 8 -8 -6 6 3 -6 6 6 0 2 -10 8 7 3 6 -3 0 4 4 -1 4 0 -1 -5 -5 -3 3 3 8 9 10 -1 -2 8 -6 -9 0 -10 6 0 -9 4 9 9 -10 7 2 -1 -4 -3 -7 3 -7 1 -4 -5 -1 -10 -9 5 6 -9 3 -5 0 0 7 2 6 -4 9 -7 -9 -7 -9 2 -10 5 5 9 -1 7 -3 -9 -9 -2 -8 5 -8 5 10 -8 10 -3 -3 9 3 -9 3 4 4 -4 6 2 6 -6 -7 -2 9 -6 -1 4 -9 -9 -5 6 4 8 4 4 3 8 7 -6 -5 5 2 10 -2 4 -3 6 1 -10 -4 -4 -3 7 -2 3 5 0 -3 -8 4 -5 2 -8 4 -9 -2 1 -8 -5 9 10 -3 -10 4 6 5 -7 -7 9 1 -4 1 3 -3 8 5 7 -2 -1 2 10 -7 -6 -9 -4 -3 -7 -8 -7 1 5 -6 -1 3 -4 6 -3 -4 6 -5 -3 -10 -3 2 7 -1 -10 8 -7 -7 8 3 -5 -5 7 -4 10 -5 10 -9 4 -10 7 -1 -4 10 -5 9 10 -8 0 -4 -4 -10 1 -8 1 9 -8 2 -4 0 7 0 -3 3 10 8 4 8 6 -9 -9 -9 8 3 -9 9 8 2 -1 6 -5 -4 0 -8 -3 1 -10 5 0 -8 6 -1 5 7 9 -8 0 7 -5 0 6 3 10 3 4 7 7 -4 -4 10 -3 0 -6 -7 -2 6 3 10 -1 2 10 -8 -3 7 1 -5 5 7 -7 9 -3 -8 1 -5 -1 5 -5 6 1 -2 -10 5 -8 5 9 -2 10 -9 -1 -3 -6 2 6 5 5 7 -1 1 -3 -6 5 -8 1 -6 0 -6 6 0 -5 0 -7 10 7 7 -2 -1 5 7 -10 -9 3 1 4 -8 -10 -5 1 -6 3 8 9 4 5 -9 -6 -6 -2 -1 -3 -3 -3 -5 -1 -4 -4 2 -2 7 7 -6 6 -9 0 -5 -2 -7 3 10 -7 -9 10 -4 -10 -2 -6 -5 -2 5 -3 5 -5 8 -7 3 -6 10 8 5 6 3 9 -8 10 2 8 -7 0 -10 1 -3 -5 6 6 -8 -4 -5 -5 9 -8 6 6 -10 -7 -10 -3 -1 5 10 -5 -3 10 -1 1 -10 -2 2 4 4 -6 0 -9 -6 6 -8 -4 0 5 10 -7 5 -9 -4 2 10 -10 2 7 1 5 10 9 0 3 3 -8 9 -7 -1 5 4 -1 -1 4 -8 8 3 -6 7 9 -8 -8 9 -6 8 -5 5 2 2 -10 -7 -7 7 -4 7 -8 -7 5 1 0 -10 8 -8 -3 -1 -4 -1 -8 -6 3 9 6 -5 -10 10 -7 9 8 -4 8 9 0 3 -7 10 -10 6 -3 4 -5 -1 -2 -1 4 -1 -9 -9 -6 8 -8 2 -4 -6 10 -8 -4 9 -3 -2 -2 1 6 2 3 3 5 9 6 -5 -7 -2 -9 7 2 10 2 4 -8 -10 -7 0 9 -2 -4 3 -9 -9 9 -6 -4 8 -4 2 -7 1 -2 7 2 0 -8 4 -5 8 7 -3 -3 -4 -1 4 7 10 -9 8 6 7 4 -4 -7 -2 2 -8 9 1 2 0 -3 -3 7 6 -10 3 -4 -9 -6 4 4 -3 -3 -5 2 -3 0 10 4 -1 3 -3 -4 0 5 0 6 7 4 -4 6 6 3 4 -6 4 7 3 8 -1 4 5 -9 -8 8 -3 6 -8 1 10 2 5 7 1 -5 7 6 8 -2 10 8 2 -5 -7 -7 -3 3 9 4 -6 -8 -1 -7 5 1 -7 6 0 6 2 -8 -5 9 6 9 -10 -10 -3 -2 0 10 -9 8 -5 4 2 -3 9 -8 9 3 -2 -9 8 2 -7 5 -7 10 10 4 -9 -5 -4 4 4 0 -5 -4 -1 -5 -2 -1 -8 9 -7 -8 -7 -5 4 -9 4 -9 -6 2 -8 -8 7 10 2 6 -7 6 -1 -9 2 8 -2 -2 -5 -7 -7 -10 5 -10 2 8 -6 3 -10 7 -8 -9 4 2 -6 -6 -6 10 4 -6 6 4 10 -3 9 0 -2 -6 10 1 -5 9 3 9 6 -9 -3 0 0 1 7 -6 8 2 -8 1 6 2 -6 7 5 4 -9 6 -3 2 10 1 0 -5 -2 7 9 -1 -3 10 1 8 9 -10 5 9 -5 -2 -5 -10 3 3 7 1 -1 -7 -8 -10 -6 10 -1 -2 -6 -5 -5 -3 -5 10 1 8 -7 3 10 -8 -8 8 3 -5 -2 9 -6 3 7 6 -10 4 -6 -9 3 -9 -6 -7 3 -5 -8 5 10 -7 5 -2 -2 -6 8 10 7 9 1 5 -8 -2 -10 2 -5 -7 -7 -10 8 -9 -3 10 -9 -5 6 -6 -8 0 -8 0 3 4 -3 0 -8 -9 7 -6 3 8 -3 9 5 2 4 9 8 9 -10 -1 6 -10 -4 5 -3 -8 3 7 2 9 8 9 -7 1 -9 -6 -2 0 3 3 0 -2 0 -3 -3 -2 -6 6 -6 -1 3 -9 3 -7 -10 3 5 4 -10 5 10 -6 4 8 3 -3 0 -8 7 8 -7 2 -5 -1 -7 3 5 0 0 -7 0 -9 -1 -5 -10 -5 9 0 -3 -3 -1 4 -4 5 -9 7 -7 6 -4 7 -5 -5 6 -1 10 3 0 0 4 -6 9 0 4 -3 10 10 -2 6 -1 1 9 2 -3 -5 -2 5 -2 -3 9 8 6 -5 5 5 -9 2 0 3 3 8 8 8 -8 -3 -9 -10 1 -5 -9 3 -5 3 -10 3 7 -8 10 2 -4 2 2 1 -3 1 0 10 6 5 5 -4 -5 3 -2 -2 -2 -7 -7 -9 10 5 1 6 0 9 4 -8 6 -3 2 -8 -3 -3 6 9 8 8 2 5 9 7 9 9 -3 8 -6 10 5 6 9 -3 -5 2 9 -1 -4 3 -6 -10 -10 7 4 -10 3 9 2 -3 -1 -6 7 -1 -1 -4 -7 9 2 -7 10 6 10 0 -10 1 6 -8 7 7 -5 -7 -7 -8 -9 -6 -1 1 -2 3 -3 1 -6 -8 -9 -2 -10 0 7 -9 -2 6 3 0 2 3 1 1 -10 8 -8 -6 -8 -7 -8 6 -4 -5 6 4 -8 -7 10 -9 -8 1 -3 -10 1 -9 1 -9 -10 3 -7 -5 -7 -5 10 -7 -2 3 4 -6 0 1 4 9 7 0 9 9 0 -9 1 -9 -2 -8 5 -4 -10 10 -3 3 -2 -1 -10 1 -5 1 2 1 10 -6 -2 -5 7 -8 5 3 3 9 -1 0 -4 -6 0 3 5 -7 -8 8 -7 -3 10 -5 8 -5 2 10 -1 3 5 8 2 0 -2 -4 -6 -9 5 8 -2 7 1 -6 -7 -5 7 6 2 -10 9 9 -4 -1 2 6 6 5 -10 -2 -8 7 -10 -1 1 -2 5 2 8 -8 1 9 -6 -9 9 -8 -5 7 -4 7 -8 -6 -10 3 -4 2 -7 10 -2 8 -1 -3 -1 -5 8 -10 -9 1 8 10 -6 -10 3 -1 -3 -3 9 -5 6 -4 4 -2 2 -8 9 5 0 -8 0 5 -3 2 3 -9 7 4 5 8 -2 0 -4 -8 4 1 1 5 8 -3 -6 -5 -7 10 -4 9 -4 -9 -10 -4 1 10 -6 -2 10 7 -1 4 9 -2 -3 -4 -8 -9 -5 7 -8 1 8 10 3 5 6 2 -5 3 9 -9 6 -9 4 -7 -9 7 3 6 -1 -8 8 7 7 -10 10 -4 -2 5 6 -4 -7 4 3 5 -5 -8 -9 10 -6 8 7 7 9 -10 -2 -10 8 3 0 -2 2 -1 9 -8 2 -3 -3 -2 -10 8 -3 3 -10 -2 -10 -4 2 7 0 -5 10 -2 8 7 2 9 -4 -9 8 -3 -5 9 7 1 6 -10 7 -4 -7 -1 -8 -6 -2 4 -8 -1 -9 6 -8 8 9 -6 9 6 -6 2 8 -6 4 -2 -3 5 7 -6 10 -3 9 3 -8 2 8 -5 0 2 -3 -6 -3 -1 1 -1 -4 5 -10 -4 -6 2 6 4 7 -8 0 -6 7 2 4 1 -1 -6 2 8 5 5 -5 1 1 7 7 -4 -8 -3 -4 -10 -9 4 8 -5 4 9 9 -3 -2 0 -6 -2 -9 -6 1 -9 0 9 0 -3 6 -9 8 6 0 -5 9 -2 9 6 9 -1 -5 -9 10 -4 5 -1 7 2 1 2 6 -7 10 -2 7 -3 -8 -9 4 -2 -4 -7 2 5 7 10 -4 3 4 -2 -1 -4 -6 9 1 6 -2 -9 10 -10 1 -4 9 -5 -4 2 6 -8 -10 -8 9 -8 -4 8 -6 -4 7 -1 9 10 -3 9 8 0 -3 9 -6 3 -4 -2 -10 -5 -6 -5 4 -6 -6 -2 9 -6 0 -4 10 6 2 1 -7 0 -7 3 4 1 -5 -4 -5 -1 0 -7 1 6 8 0 -3 -7 1 10 -2 5 8 -1 -8 7 -9 -5 10 0 -9 6 -2 -2 -10 10 -5 10 2 -3 2 6 4 3 -3 -3 7 6 -6 8 0 -1 -6 6 -5 8 -5 10 -4 -5 5 4 -3 7 4 -10 -1 -7 -1 2 8 -8 2 5 -5 -5 1 9 -8 2 8 10 -8 6 0 5 -3 6 -5 8 2 -8 5 -1 7 -5 -3 4 -6 -7 -4 4 1 -3 -4 -5 10 -10 6 -1 8 1 -5 7 10 -4 5 5 -9 4 2 2 7 -8 7 -5 9 -6 -9 5 0 -4 5 0 -4 10 6 6 -8 9 7 1 -2 4 0 0 -6 -6 3 5 8 7 -3 0 -3 -6 -6 9 -3 7 6 3 4 -8 -6 -6 -6 8 -7 -10 10 10 4 -4 -10 8 -2 3 6 -3 0 -10 -10 8 3 -10 -6 2 -3 10 10 -1 0 -8 10 -10 10 1 5 -10 -1 -5 5 8 -7 -1 7 3 -6 8 1 -9 -1 -8 4 6 -10 -6 7 5 3 1 -5 2 10 10 -2 9 2 -6 -2 -7 -5 4 -1 7 -7 2 4 -6 -4 10 -8 -2 2 3 -2 -4 8 10 -3 -4 -3 -2 0 -1 0 -7 3 -1 -4 8 2 -1 -5 7 7 9 -6 3 7 -2 -3 3 6 -3 5 -3 -2 8 3 7 -1 5 10 -5 -9 6 3 -7 -5 -4 9 7 3 3 -10 6 4 3 -4 -6 5 -5 -10 3 7 -8 -4 -10 5 -4 2 5 -7 8 -3 8 9 4 -6 -8 3 -2 2 -9 8 -6 0 5 -2 10 -1 -10 -6 -10 2 -2 -6 -1 1 -9 2 6 -8 -1 4 8 2 1 -6 0 6 -8 -3 4 -3 8 5 -3 1 2 1 -3 -7 -10 1 -10 10 8 0 0 9 -7 1 -1 8 0 2 -5 1 2 -7 -9 5 -4 -6 -9 7 7 -8 -1 -4 -7 3 5 3 3 -7 -9 3 -7 1 -7 -9 3 -6 -6 10 -3 -1 -4 -1 -1 1 -9 8 -10 -8 7 5 -7 7 -3 4 5 7 8 7 4 1 -6 -4 1 -1 2 -3 -4 10 -5 4 6 7 3 5 -4 0 -5 -10 -8 0 -8 -10 8 4 -10 -3 -10 5 9 -7 2 8 -7 2 2 4 2 -1 0 8 -9 9 -8 -9 4 -8 -5 5 4 10 -3 3 0 -9 0 8 4 7 -1 2 5 7 -8 -1 -7 -6 10 0 -8 -7 -4 -4 9 -1 8 7 -10 8 -8 -7 9 0 1 -8 5 -7 4 -10 5 -2 10 8 -4 7 -8 9 10 2 -8 -7 -7 -3 -8 -3 -10 4 1 9 -5 -6 -8 5 0 -4 -10 5 -4 9 9 2 -6 1 1 -1 8 10 0 0 7 -6 3 -5 3 9 -5 -2 -2 -9 -3 -3 -1 6 3 9 4 -8 1 -6 8 -10 -8 10 -8 -10 6 -4 -7 -3 -5 9 10 7 4 -7 -5 -9 -9 -6 9 -10 4 7 5 9 -3 0 -5 7 2 -9 -10 -3 2 10 -2 -10 -7 5 7 3 -7 7 5 2 2 7 3 -9 0 -4 -8 4 2 -2 -10 2 -8 4 3 4 -5 -9 5 -10 8 -1 0 -6 10 6 10 6 -3 6 9 -8 2 -7 2 -3 -9 9 1 1 4 -9 3 -10 -2 4 -8 -9 -8 7 6 0 -9 6 -4 -7 -9 -9 0 -8 -10 -4 -10 4 2 8 -6 3 5 6 -9 5 -8 -2 9 10 -6 -10 -2 -3 6 5 10 6 7 -5 9 -6 1 1 -9 -6 10 3 -2 -9 10 8 -5 -3 -6 2 3 -6 0 10 -9 -6 8 0 -4 3 7 9 4 5 2 -8 -6 -7 10 -3 -10 3 -4 8 -9 2 10 -1 3 10 7 2 -5 -3 2 4 -5 -2 10 7 0 -10 4 -4 1 7 -6 -1 8 -1 -10 -10 0 8 2 1 -1 6 6 -8 2 9 -10 -5 -1 -7 -8 -5 0 -7 -6 -7 -1 -9 -6 1 -5 -5 -2 -8 -5 -8 -1 -1 -1









-1 -3 -4 -3 1 -1 0 -7 2 -8 7 -1 3 -5 -5 4 -2 -8 -8 4 5 10 1 5 -3 -3 -10 3 -3 3 -3 10 -5 1 -6 5 -3 2 -9 9 4 5 7 -8 -10 3 4 -2 -8 -1 -4 -10 -10 -9 -9 3 7 4 -9 -4 -7 4 10 8 6 -5 10 -6 -5 -9 -1 -8 3 0 -1 -4 -1 4 0 8 -2 7 10 -7 -8 5 3 -2 -5 -10 8 -6 -1 7 8 0 -10 7 10 -10 4 9 10 9 4 -10 2 -6 -9 0 -6 -10 -4 -5 -10 7 1 -4 -5 6 -8 -3 8 -2 -4 6 -1 5 1 -7 -2 -2 3 -6 6 1 -2 -7 -6 5 -8 -6 4 8 -3 -3 7 8 -1 -5 3 1 8 -10 -5 3 6 10 -6 -4 -4 -3 1 -5 -9 1 -9 -4 9 -10 3 2 3 8 8 4 -6 0 5 -7 -9 -9 1 5 -8 -9 2 -7 5 -5 0 3 0 -5 -8 2 -1 4 5 4 9 6 1 10 1 10 7 8 -7 10 -1 -10 -3 -4 -9 -6 0 -6 -6 4 7 -8 -5 8 -6 -7 4 -7 -8 -2 4 -8 7 2 5 -1 -2 -3 -8 2 4 0 -2 0 -5 -1 -1 -1 0 5 -8 8 9 5 10 1 0 -10 -2 2 5 7 8 -6 7 -7 -10 9 -8 -7 10 10 -8 1 10 2 6 -9 -2 -5 4 -9 -5 9 -10 5 -5 -6 0 -4 -5 -9 10 4 -7 -4 7 -4 -3 2 -3 7 -9 -9 0 -8 -8 -4 -9 -2 -3 -4 -6 4 5 9 0 -2 3 -7 4 7 1 1 -7 -6 -10 2 -7 -6 -9 6 7 4 -6 4 10 0 6 7 -9 6 8 9 -1 -6 -5 5 7 -1 -9 1 3 -3 -9 -7 -3 8 -4 8 -9 -8 -10 1 0 -7 0 -10 -10 5 7 -10 6 -8 -2 -4 -4 7 -8 -9 7 -6 6 1 8 -4 -1 -2 -3 8 -9 -1 1 7 -8 0 5 4 -7 0 6 -10 5 -6 2 8 5 -1 8 2 -9 -7 -4 -5 2 -8 -8 8 -9 -3 1 5 8 -10 9 -7 -9 4 7 2 -7 9 -2 5 -10 6 -7 -8 -9 0 6 10 -3 10 7 8 5 7 0 4 -6 10 -5 2 5 -8 -1 -7 7 6 -10 -9 6 -2 -1 8 -10 -4 5 -5 -10 -4 -4 1 -3 -6 3 -2 0 5 -4 1 -10 -7 7 7 2 -2 5 9 -9 -10 2 -3 -2 3 9 -7 8 6 -5 -4 -2 7 -1 -3 10 3 7 -8 2 7 7 -1 -6 -6 7 4 -3 -4 -8 -9 7 4 -9 -7 7 -7 -4 -5 -1 9 7 3 4 1 10 -4 -2 10 -3 6 -3 -6 -8 7 -9 4 1 6 -6 2 1 -1 -9 9 10 -8 9 4 9 5 7 9 -5 2 5 0 1 5 0 -2 0 -3 10 -5 3 9 10 3 -5 7 3 6 0 -3 0 -8 -7 0 6 3 -9 -9 0 1 9 6 -10 -4 -3 8 8 7 7 -3 10 -3 0 1 8 -5 -1 4 7 10 10 2 1 6 6 -9 -1 -8 -5 8 9 0 1 -4 7 -5 0 8 6 6 7 -7 7 7 0 -8 -10 1 8 -8 9 5 -10 -10 -5 3 3 6 9 -4 1 -1 3 0 -1 5 -5 5 -7 -9 9 5 0 3 4 -8 -6 8 -7 -9 -5 10 -10 9 8 -1 -8 10 6 -2 7 1 -3 7 2 -8 -6 -4 -6 -1 0 3 5 -5 5 10 10 -5 -1 -8 10 -6 0 2 6 6 -1 -4 0 -5 7 4 -4 -10 7 0 1 4 -7 6 -8 1 6 10 2 -2 7 -4 -5 9 7 -5 8 10 7 -1 -6 5 -9 9 2 8 -4 -5 7 5 4 3 6 -10 7 -5 1 -2 6 -7 -5 -9 -8 3 3 1 8 -6 -9 9 4 6 -9 5 2 6 -5 7 1 4 -6 5 2 -5 4 -2 -10 8 -2 7 -8 -1 -7 6 -2 8 -2 -1 8 -3 9 2 0 -10 -8 9 2 5 -6 -9 -2 7 5 4 -2 -3 6 -10 -4 4 2 -2 4 -7 -7 -5 9 -3 2 3 -2 -6 9 9 -8 4 8 -10 4 -1 0 -6 2 -1 -7 8 -5 10 -6 9 -7 -3 -4 5 10 -1 -2 -10 -7 3 -7 2 -6 0 -3 1 -2 2 -9 -2 3 3 -9 1 3 -9 8 -10 5 -8 -7 9 -4 -8 -4 -1 -6 8 -8 9 -9 9 7 7 10 -9 -9 1 -6 -6 1 -2 9 -8 8 -9 6 1 10 -2 2 -5 9 10 10 10 0 1 7 7 0 9 -8 2 -4 8 1 0 0 -4 6 -3 -9 10 -4 -7 0 3 2 6 -10 4 -3 2 4 0 -7 -4 -7 -4 -2 5 -5 -2 -8 9 9 -10 10 -7 -10 -9 8 -1 -5 -7 -6 4 8 6 -3 2 1 -5 -8 3 9 10 -4 -9 -9 0 10 -5 -8 9 -7 4 -2 -5 -4 8 6 -2 3 8 3 -5 4 -5 -5 5 -7 1 5 -6 10 1 0 6 -6 -3 7 1 9 -7 -9 -1 -6 -1 6 -2 2 9 5 -6 8 5 -6 4 0 0 6 6 4 -1 6 0 -2 -9 5 -6 -3 1 5 -2 -9 1 5 2 2 -1 3 3 2 -4 -4 10 1 -10 -6 9 -4 -1 6 -2 -9 3 0 6 -8 -4 3 -8 -9 -1 8 1 3 2 -4 -7 -6 -5 0 -2 7 -5 4 -3 8 0 7 -8 10 -7 10 -1 -5 8 2 -1 -9 -9 6 -7 6 4 9 3 -4 -4 3 -3 3 -9 0 8 6 8 6 3 -6 -2 -6 7 4 -1 -4 5 -10 3 -7 6 -5 8 1 -3 2 2 1 -4 -9 -7 -2 2 -1 5 5 9 -2 1 -4 3 -1 -2 -10 7 -1 -8 8 -1 4 6 7 -5 5 -2 -9 -9 -10 8 -5 -3 -9 7 -9 10 -1 9 10 -9 6 9 -1 2 1 -3 4 -8 -10 0 -3 3 -7 -6 10 -8 6 6 0 -8 4 10 10 5 -7 -7 0 5 0 -6 -7 -10 -3 2 1 8 -1 5 -1 -9 -4 3 -9 -9 3 7 -1 3 2 5 -9 -5 3 5 -5 -1 3 0 3 -8 9 -1 -1 -7 -9 0 5 -5 3 -8 8 6 -6 -3 6 -6 -6 0 -2 10 -8 -7 -3 -6 3 0 -4 -4 1 -4 0 1 5 5 3 -3 -3 -8 -9 -10 1 2 -8 6 9 0 10 -6 0 9 -4 -9 -9 10 -7 -2 1 4 3 7 -3 7 -1 4 5 1 10 9 -5 -6 9 -3 5 0 0 -7 -2 -6 4 -9 7 9 7 9 -2 10 -5 -5 -9 1 -7 3 9 9 2 8 -5 8 -5 -10 8 -10 3 3 -9 -3 9 -3 -4 -4 4 -6 -2 -6 6 7 2 -9 6 1 -4 9 9 5 -6 -4 -8 -4 -4 -3 -8 -7 6 5 -5 -2 -10 2 -4 3 -6 -1 10 4 4 3 -7 2 -3 -5 0 3 8 -4 5 -2 8 -4 9 2 -1 8 5 -9 -10 3 10 -4 -6 -5 7 7 -9 -1 4 -1 -3 3 -8 -5 -7 2 1 -2 -10 7 6 9 4 3 7 8 7 -1 -5 6 1 -3 4 -6 3 4 -6 5 3 10 3 -2 -7 1 10 -8 7 7 -8 -3 5 5 -7 4 -10 5 -10 9 -4 10 -7 1 4 -10 5 -9 -10 8 0 4 4 10 -1 8 -1 -9 8 -2 4 0 -7 0 3 -3 -10 -8 -4 -8 -6 9 9 9 -8 -3 9 -9 -8 -2 1 -6 5 4 0 8 3 -1 10 -5 0 8 -6 1 -5 -7 -9 8 0 -7 5 0 -6 -3 -10 -3 -4 -7 -7 4 4 -10 3 0 6 7 2 -6 -3 -10 1 -2 -10 8 3 -7 -1 5 -5 -7 7 -9 3 8 -1 5 1 -5 5 -6 -1 2 10 -5 8 -5 -9 2 -10 9 1 3 6 -2 -6 -5 -5 -7 1 -1 3 6 -5 8 -1 6 0 6 -6 0 5 0 7 -10 -7 -7 2 1 -5 -7 10 9 -3 -1 -4 8 10 5 -1 6 -3 -8 -9 -4 -5 9 6 6 2 1 3 3 3 5 1 4 4 -2 2 -7 -7 6 -6 9 0 5 2 7 -3 -10 7 9 -10 4 10 2 6 5 2 -5 3 -5 5 -8 7 -3 6 -10 -8 -5 -6 -3 -9 8 -10 -2 -8 7 0 10 -1 3 5 -6 -6 8 4 5 5 -9 8 -6 -6 10 7 10 3 1 -5 -10 5 3 -10 1 -1 10 2 -2 -4 -4 6 0 9 6 -6 8 4 0 -5 -10 7 -5 9 4 -2 -10 10 -2 -7 -1 -5 -10 -9 0 -3 -3 8 -9 7 1 -5 -4 1 1 -4 8 -8 -3 6 -7 -9 8 8 -9 6 -8 5 -5 -2 -2 10 7 7 -7 4 -7 8 7 -5 -1 0 10 -8 8 3 1 4 1 8 6 -3 -9 -6 5 10 -10 7 -9 -8 4 -8 -9 0 -3 7 -10 10 -6 3 -4 5 1 2 1 -4 1 9 9 6 -8 8 -2 4 6 -10 8 4 -9 3 2 2 -1 -6 -2 -3 -3 -5 -9 -6 5 7 2 9 -7 -2 -10 -2 -4 8 10 7 0 -9 2 4 -3 9 9 -9 6 4 -8 4 -2 7 -1 2 -7 -2 0 8 -4 5 -8 -7 3 3 4 1 -4 -7 -10 9 -8 -6 -7 -4 4 7 2 -2 8 -9 -1 -2 0 3 3 -7 -6 10 -3 4 9 6 -4 -4 3 3 5 -2 3 0 -10 -4 1 -3 3 4 0 -5 0 -6 -7 -4 4 -6 -6 -3 -4 6 -4 -7 -3 -8 1 -4 -5 9 8 -8 3 -6 8 -1 -10 -2 -5 -7 -1 5 -7 -6 -8 2 -10 -8 -2 5 7 7 3 -3 -9 -4 6 8 1 7 -5 -1 7 -6 0 -6 -2 8 5 -9 -6 -9 10 10 3 2 0 -10 9 -8 5 -4 -2 3 -9 8 -9 -3 2 9 -8 -2 7 -5 7 -10 -10 -4 9 5 4 -4 -4 0 5 4 1 5 2 1 8 -9 7 8 7 5 -4 9 -4 9 6 -2 8 8 -7 -10 -2 -6 7 -6 1 9 -2 -8 2 2 5 7 7 10 -5 10 -2 -8 6 -3 10 -7 8 9 -4 -2 6 6 6 -10 -4 6 -6 -4 -10 3 -9 0 2 6 -10 -1 5 -9 -3 -9 -6 9 3 0 0 -1 -7 6 -8 -2 8 -1 -6 -2 6 -7 -5 -4 9 -6 3 -2 -10 -1 0 5 2 -7 -9 1 3 -10 -1 -8 -9 10 -5 -9 5 2 5 10 -3 -3 -7 -1 1 7 8 10 6 -10 1 2 6 5 5 3 5 -10 -1 -8 7 -3 -10 8 8 -8 -3 5 2 -9 6 -3 -7 -6 10 -4 6 9 -3 9 6 7 -3 5 8 -5 -10 7 -5 2 2 6 -8 -10 -7 -9 -1 -5 8 2 10 -2 5 7 7 10 -8 9 3 -10 9 5 -6 6 8 0 8 0 -3 -4 3 0 8 9 -7 6 -3 -8 3 -9 -5 -2 -4 -9 -8 -9 10 1 -6 10 4 -5 3 8 -3 -7 -2 -9 -8 -9 7 -1 9 6 2 0 -3 -3 0 2 0 3 3 2 6 -6 6 1 -3 9 -3 7 10 -3 -5 -4 10 -5 -10 6 -4 -8 -3 3 0 8 -7 -8 7 -2 5 1 7 -3 -5 0 0 7 0 9 1 5 10 5 -9 0 3 3 1 -4 4 -5 9 -7 7 -6 4 -7 5 5 -6 1 -10 -3 0 0 -4 6 -9 0 -4 3 -10 -10 2 -6 1 -1 -9 -2 3 5 2 -5 2 3 -9 -8 -6 5 -5 -5 9 -2 0 -3 -3 -8 -8 -8 8 3 9 10 -1 5 9 -3 5 -3 10 -3 -7 8 -10 -2 4 -2 -2 -1 3 -1 0 -10 -6 -5 -5 4 5 -3 2 2 2 7 7 9 -10 -5 -1 -6 0 -9 -4 8 -6 3 -2 8 3 3 -6 -9 -8 -8 -2 -5 -9 -7 -9 -9 3 -8 6 -10 -5 -6 -9 3 5 -2 -9 1 4 -3 6 10 10 -7 -4 10 -3 -9 -2 3 1 6 -7 1 1 4 7 -9 -2 7 -10 -6 -10 0 10 -1 -6 8 -7 -7 5 7 7 8 9 6 1 -1 2 -3 3 -1 6 8 9 2 10 0 -7 9 2 -6 -3 0 -2 -3 -1 -1 10 -8 8 6 8 7 8 -6 4 5 -6 -4 8 7 -10 9 8 -1 3 10 -1 9 -1 9 10 -3 7 5 7 5 -10 7 2 -3 -4 6 0 -1 -4 -9 -7 0 -9 -9 0 9 -1 9 2 8 -5 4 10 -10 3 -3 2 1 10 -1 5 -1 -2 -1 -10 6 2 5 -7 8 -5 -3 -3 -9 1 0 4 6 0 -3 -5 7 8 -8 7 3 -10 5 -8 5 -2 -10 1 -3 -5 -8 -2 0 2 4 6 9 -5 -8 2 -7 -1 6 7 5 -7 -6 -2 10 -9 -9 4 1 -2 -6 -6 -5 10 2 8 -7 10 1 -1 2 -5 -2 -8 8 -1 -9 6 9 -9 8 5 -7 4 -7 8 6 10 -3 4 -2 7 -10 2 -8 1 3 1 5 -8 10 9 -1 -8 -10 6 10 -3 1 3 3 -9 5 -6 4 -4 2 -2 8 -9 -5 0 8 0 -5 3 -2 -3 9 -7 -4 -5 -8 2 0 4 8 -4 -1 -1 -5 -8 3 6 5 7 -10 4 -9 4 9 10 4 -1 -10 6 2 -10 -7 1 -4 -9 2 3 4 8 9 5 -7 8 -1 -8 -10 -3 -5 -6 -2 5 -3 -9 9 -6 9 -4 7 9 -7 -3 -6 1 8 -8 -7 -7 10 -10 4 2 -5 -6 4 7 -4 -3 -5 5 8 9 -10 6 -8 -7 -7 -9 10 2 10 -8 -3 0 2 -2 1 -9 8 -2 3 3 2 10 -8 3 -3 10 2 10 4 -2 -7 0 5 -10 2 -8 -7 -2 -9 4 9 -8 3 5 -9 -7 -1 -6 10 -7 4 7 1 8 6 2 -4 8 1 9 -6 8 -8 -9 6 -9 -6 6 -2 -8 6 -4 2 3 -5 -7 6 -10 3 -9 -3 8 -2 -8 5 0 -2 3 6 3 1 -1 1 4 -5 10 4 6 -2 -6 -4 -7 8 0 6 -7 -2 -4 -1 1 6 -2 -8 -5 -5 5 -1 -1 -7 -7 4 8 3 4 10 9 -4 -8 5 -4 -9 -9 3 2 0 6 2 9 6 -1 9 0 -9 0 3 -6 9 -8 -6 0 5 -9 2 -9 -6 -9 1 5 9 -10 4 -5 1 -7 -2 -1 -2 -6 7 -10 2 -7 3 8 9 -4 2 4 7 -2 -5 -7 -10 4 -3 -4 2 1 4 6 -9 -1 -6 2 9 -10 10 -1 4 -9 5 4 -2 -6 8 10 8 -9 8 4 -8 6 4 -7 1 -9 -10 3 -9 -8 0 3 -9 6 -3 4 2 10 5 6 5 -4 6 6 2 -9 6 0 4 -10 -6 -2 -1 7 0 7 -3 -4 -1 5 4 5 1 0 7 -1 -6 -8 0 3 7 -1 -10 2 -5 -8 1 8 -7 9 5 -10 0 9 -6 2 2 10 -10 5 -10 -2 3 -2 -6 -4 -3 3 3 -7 -6 6 -8 0 1 6 -6 5 -8 5 -10 4 5 -5 -4 3 -7 -4 10 1 7 1 -2 -8 8 -2 -5 5 5 -1 -9 8 -2 -8 -10 8 -6 0 -5 3 -6 5 -8 -2 8 -5 1 -7 5 3 -4 6 7 4 -4 -1 3 4 5 -10 10 -6 1 -8 -1 5 -7 -10 4 -5 -5 9 -4 -2 -2 -7 8 -7 5 -9 6 9 -5 0 4 -5 0 4 -10 -6 -6 8 -9 -7 -1 2 -4 0 0 6 6 -3 -5 -8 -7 3 0 3 6 6 -9 3 -7 -6 -3 -4 8 6 6 6 -8 7 10 -10 -10 -4 4 10 -8 2 -3 -6 3 0 10 10 -8 -3 10 6 -2 3 -10 -10 1 0 8 -10 10 -10 -1 -5 10 1 5 -5 -8 7 1 -7 -3 6 -8 -1 9 1 8 -4 -6 10 6 -7 -5 -3 -1 5 -2 -10 -10 2 -9 -2 6 2 7 5 -4 1 -7 7 -2 -4 6 4 -10 8 2 -2 -3 2 4 -8 -10 3 4 3 2 0 1 0 7 -3 1 4 -8 -2 1 5 -7 -7 -9 6 -3 -7 2 3 -3 -6 3 -5 3 2 -8 -3 -7 1 -5 -10 5 9 -6 -3 7 5 4 -9 -7 -3 -3 10 -6 -4 -3 4 6 -5 5 10 -3 -7 8 4 10 -5 4 -2 -5 7 -8 3 -8 -9 -4 6 8 -3 2 -2 9 -8 6 0 -5 2 -10 1 10 6 10 -2 2 6 1 -1 9 -2 -6 8 1 -4 -8 -2 -1 6 0 -6 8 3 -4 3 -8 -5 3 -1 -2 -1 3 7 10 -1 10 -10 -8 0 0 -9 7 -1 1 -8 0 -2 5 -1 -2 7 9 -5 4 6 9 -7 -7 8 1 4 7 -3 -5 -3 -3 7 9 -3 7 -1 7 9 -3 6 6 -10 3 1 4 1 1 -1 9 -8 10 8 -7 -5 7 -7 3 -4 -5 -7 -8 -7 -4 -1 6 4 -1 1 -2 3 4 -10 5 -4 -6 -7 -3 -5 4 0 5 10 8 0 8 10 -8 -4 10 3 10 -5 -9 7 -2 -8 7 -2 -2 -4 -2 1 0 -8 9 -9 8 9 -4 8 5 -5 -4 -10 3 -3 0 9 0 -8 -4 -7 1 -2 -5 -7 8 1 7 6 -10 0 8 7 4 4 -9 1 -8 -7 10 -8 8 7 -9 0 -1 8 -5 7 -4 10 -5 2 -10 -8 4 -7 8 -9 -10 -2 8 7 7 3 8 3 10 -4 -1 -9 5 6 8 -5 0 4 10 -5 4 -9 -9 -2 6 -1 -1 1 -8 -10 0 0 -7 6 -3 5 -3 -9 5 2 2 9 3 3 1 -6 -3 -9 -4 8 -1 6 -8 10 8 -10 8 10 -6 4 7 3 5 -9 -10 -7 -4 7 5 9 9 6 -9 10 -4 -7 -5 -9 3 0 5 -7 -2 9 10 3 -2 -10 2 10 7 -5 -7 -3 7 -7 -5 -2 -2 -7 -3 9 0 4 8 -4 -2 2 10 -2 8 -4 -3 -4 5 9 -5 10 -8 1 0 6 -10 -6 -10 -6 3 -6 -9 8 -2 7 -2 3 9 -9 -1 -1 -4 9 -3 10 2 -4 8 9 8 -7 -6 0 9 -6 4 7 9 9 0 8 10 4 10 -4 -2 -8 6 -3 -5 -6 9 -5 8 2 -9 -10 6 10 2 3 -6 -5 -10 -6 -7 5 -9 6 -1 -1 9 6 -10 -3 2 9 -10 -8 5 3 6 -2 -3 6 0 -10 9 6 -8 0 4 -3 -7 -9 -4 -5 -2 8 6 7 -10 3 10 -3 4 -8 9 -2 -10 1 -3 -10 -7 -2 5 3 -2 -4 5 2 -10 -7 0 10 -4 4 -1 -7 6 1 -8 1 10 10 0 -8 -2 -1 1 -6 -6 8 -2 -9 10 5 1 7 8 5 0 7 6 7 1 9 6 -1 5 5 2 8 5 8 1 1 1




(11, 7), (19, 48), (29, 28), (61, 78), (86, 67), (164, 210), (201, 189), (205, 221), (213, 261), (215, 223), (217, 183), (256, 235), (278, 312), (298, 364), (338, 302), (368, 354), (460, 470), (463, 560), (508, 562), (542, 535), (557, 677), (572, 647), (579, 643), (639, 707), (655, 601), (656, 576), (661, 748), (773, 759), (774, 730), (780, 734), (789, 863), (825, 892), (916, 877), (951, 1038), (959, 955), (972, 862), (987, 1240), (1000, 986), (1012, 1131), (1038, 1198), (1043, 1305), (1079, 1197), (1086, 1102), (1129, 1326), (1147, 1007), (1149, 1263), (1229, 1278), (1240, 1184), (1243, 1236), (1244, 1360), (1275, 1083), (1293, 1352), (1299, 1380), (1327, 1207), (1331, 1529), (1417, 1490), (1419, 1596), (1488, 1316), (1512, 1423), (1529, 1664), (1559, 1451), (1611, 1671), (1645, 1486), (1684, 1490), (1707, 1564), (1713, 1774), (1725, 1682), (1732, 1640), (1747, 1764), (1832, 1759), (1834, 1834), (1867, 1846), (1888, 1900), (1916, 1899), (1917, 1860), (1926, 1893), (1967, 1978), (1968, 1965), (1981, 2000), (2036, 2047), (2049, 2033), (2063, 2059), (2066, 2044), (2074, 2045), (2081, 2062), (2084, 2078), (2086, 2090), (2114, 2106), (2148, 2149), (2191, 2206), (2219, 2205), (2227, 2233), (2239, 2237), (2241, 2248), (2246, 2238), (2264, 2259), (2279, 2275), (2280, 2271), (2302, 2352), (2310, 2362), (2383, 2435), (2395, 2372), (2398, 2395), (2406, 2436), (2412, 2350), (2427, 2402), (2430, 2379), (2465, 2472), (2473, 2419), (2479, 2483), (2528, 2529), (2534, 2523), (2547, 2558), (2552, 2541), (2570, 2599), (2581, 2584), (2667, 2636), (2684, 2658), (2700, 2714), (2701, 2662), (2703, 2725), (2753, 2762), (2758, 2737), (2775, 2787), (2802, 2802), (2806, 2805), (2826, 2835), (2907, 2887), (2941, 2943), (2947, 2936), (2959, 2963), (3029, 3014), (3068, 3069), (3070, 3097), (3119, 3106), (3146, 3159), (3179, 3163), (3192, 3201), (3212, 3216), (3214, 3241), (3230, 3207), (3249, 3241), (3281, 3297), (3352, 3363), (3364, 3301), (3389, 3371), (3413, 3407), (3414, 3438), (3439, 3477), (3442, 3429), (3448, 3486), (3483, 3432), (3486, 3478), (3495, 3472), (3524, 3536), (3527, 3516), (3551, 3577), (3558, 3537), (3600, 3637), (3669, 3613), (3687, 3654), (3710, 3671), (3720, 3715), (3809, 3789), (3848, 3841), (3895, 3878), (3946, 3953), (3960, 3959), (3968, 3948), (3982, 3962), (4005, 3988), (4023, 4081), (4090, 4040), (4124, 4056), (4131, 4109), (4153, 4190), (4200, 4124), (4252, 4205), (4330, 4340), (4346, 4314), (4352, 4357), (4396, 4372), (4426, 4394), (4433, 4463), (4515, 4508), (4517, 4507), (4518, 4518), (4532, 4530), (4536, 4570), (4585, 4585), (4595, 4575), (4667, 4642), (4675, 4661), (4682, 4689), (4736, 4709), (4787, 4789), (4861, 4846), (4915, 4921), (4934, 4938), (4954, 4973), (4985, 4958), (5008, 5017), (5026, 5081), (5028, 5008), (5079, 5016), (5105, 5155), (5147, 5163), (5181, 5266), (5205, 5250), (5253, 5172), (5300, 5216), (5312, 5295), (5316, 5324), (5321, 5279), (5500, 5467), (5553, 5620), (5562, 5510), (5613, 5650), (5637, 5632), (5661, 5669), (5662, 5685), (5714, 5667), (5720, 5704), (5780, 5787), (5809, 5818), (5818, 5872), (5894, 5922), (5904, 5876), (6003, 5991), (6035, 6030), (6065, 6071), (6079, 6137), (6091, 6149), (6170, 6115), (6190, 6184), (6234, 6230), (6267, 6344), (6288, 6217), (6292, 6311), (6312, 6294), (6355, 6284), (6360, 6473), (6367, 6285), (6418, 6256), (6444, 6458), (6549, 6538), (6594, 6589), (6618, 6627), (6644, 6651), (6699, 6684), (6763, 6732), (6778, 6766), (6841, 6872), (6879, 6879), (6888, 6874), (6962, 6955), (6968, 6981), (6970, 6980), (7052, 7061), (7069, 7078), (7086, 7090), (7089, 7072), (7153, 7119), (7171, 7155), (7264, 7268), (7279, 7231), (7298, 7278), (7315, 7363), (7394, 7416), (7451, 7427), (7458, 7512), (7463, 7484), (7499, 7465), (7511, 7564), (7522, 7513), (7525, 7558), (7559, 7541), (7588, 7588), (7680, 7739), (7694, 7736), (7712, 7731), (7746, 7707), (7766, 7816), (7767, 7809), (7821, 7836), (7822, 7848), (7851, 7897), (7855, 7793), (7857, 7905), (7870, 7837), (7884, 7853), (7885, 7915), (7892, 7829), (7899, 7922), (7947, 7973), (7950, 7877), (8007, 8026), (8063, 7985), (8065, 8046), (8110, 8071), (8253, 8158), (8313, 8236), (8319, 8382), (8342, 8287), (8406, 8442), (8432, 8338), (8471, 8654), (8496, 8352), (8511, 8456), (8514, 8649), (8534, 8409), (8564, 8737), (8598, 8761), (8599, 8418), (8601, 8442), (8616, 8803), (8618, 8539), (8619, 8720), (8644, 8783), (8684, 8820), (8690, 8806), (8706, 8636), (8724, 8817), (8737, 8818), (8744, 8762), (8745, 8536), (8770, 8657), (8781, 8661), (8782, 8628), (8794, 8943), (8882, 8982), (8896, 9060), (8902, 8842), (8915, 8876), (8944, 8833), (8981, 9059), (9036, 9028), (9045, 9080), (9064, 9101), (9072, 9199), (9169, 9290), (9178, 9185), (9189, 9233), (9190, 9148), (9244, 9370), (9263, 9201), (9319, 9239), (9368, 9346), (9380, 9296), (9506, 9506), (9518, 9629), (9521, 9574), (9526, 9544), (9554, 9440), (9562, 9565), (9585, 9517), (9591, 9610), (9614, 9514), (9674, 9619), (9725, 9781), (9747, 9737), (9777, 9782), (9820, 9847), (9908, 9905), (9911, 9913), (9934, 9946), (9957, 9963), (9992, 9937)





