









1 3 4 3 -1 1 0 7 -2 8 -7 1 -3 5 5 -4 2 8 8 -4 -5 -10 -1 -5 3 3 10 -3 3 -3 3 -10 5 -1 6 -5 3 -2 9 -9 -4 -5 -7 8 10 -3 -4 2 8 1 4 10 10 9 9 -3 -7 -4 9 4 7 -4 -10 -8 -6 5 -10 6 5 9 1 8 -3 0 1 4 1 -4 0 -8 2 -7 -10 7 8 -5 -3 2 5 10 -8 6 1 -7 -8 0 10 -7 -10 10 -4 -9 -10 -9 -4 10 -2 6 9 0 6 10 4 5 10 -7 -1 4 5 -6 8 3 -8 2 4 -6 1 -5 -1 7 2 2 -3 6 -6 -1 2 7 6 -5 8 6 -4 -8 3 3 -7 -8 1 5 -3 -1 -8 10 5 -3 -6 -10 6 4 4 3 -1 5 9 -1 9 4 -9 10 -3 -2 -3 -8 -8 -4 6 0 -5 7 9 9 -1 -5 8 9 -2 7 -5 5 0 -3 0 5 8 -2 1 -4 -5 -4 -9 -6 -1 -10 -1 -10 -7 -8 7 -10 1 10 3 4 9 6 0 6 6 -4 -7 8 5 -8 6 7 -4 7 8 2 -4 8 -7 -2 -5 1 2 3 8 -2 -4 0 2 0 5 1 1 1 0 -5 8 -8 -9 -5 -10 -1 0 10 2 -2 -5 -7 -8 6 -7 7 10 -9 8 7 -10 -10 8 -1 -10 -2 -6 9 2 5 -4 9 5 -9 10 -5 5 6 0 4 5 9 -10 -4 7 4 -7 4 3 -2 3 -7 9 9 0 8 8 4 9 2 3 4 6 -4 -5 -9 0 2 -3 7 -4 -7 -1 -1 7 6 10 -2 7 6 9 -6 -7 -4 6 -4 -10 0 -6 -7 9 -6 -8 -9 1 6 5 -5 -7 1 9 -1 -3 3 9 7 3 -8 4 -8 9 8 10 -1 0 7 0 10 10 -5 -7 10 -6 8 2 4 4 -7 8 9 -7 6 -6 -1 -8 4 1 2 3 -8 9 1 -1 -7 8 0 -5 -4 7 0 -6 10 -5 6 -2 -8 -5 1 -8 -2 9 7 4 5 -2 8 8 -8 9 3 -1 -5 -8 10 -9 7 9 -4 -7 -2 7 -9 2 -5 10 -6 7 8 9 0 -6 -10 3 -10 -7 -8 -5 -7 0 -4 6 -10 5 -2 -5 8 1 7 -7 -6 10 9 -6 2 1 -8 10 4 -5 5 10 4 4 -1 3 6 -3 2 0 -5 4 -1 10 7 -7 -7 -2 2 -5 -9 9 10 -2 3 2 -3 -9 7 -8 -6 5 4 2 -7 1 3 -10 -3 -7 8 -2 -7 -7 1 6 6 -7 -4 3 4 8 9 -7 -4 9 7 -7 7 4 5 1 -9 -7 -3 -4 -1 -10 4 2 -10 3 -6 3 6 8 -7 9 -4 -1 -6 6 -2 -1 1 9 -9 -10 8 -9 -4 -9 -5 -7 -9 5 -2 -5 0 -1 -5 0 2 0 3 -10 5 -3 -9 -10 -3 5 -7 -3 -6 0 3 0 8 7 0 -6 -3 9 9 0 -1 -9 -6 10 4 3 -8 -8 -7 -7 3 -10 3 0 -1 -8 5 1 -4 -7 -10 -10 -2 -1 -6 -6 9 1 8 5 -8 -9 0 -1 4 -7 5 0 -8 -6 -6 -7 7 -7 -7 0 8 10 -1 -8 8 -9 -5 10 10 5 -3 -3 -6 -9 4 -1 1 -3 0 1 -5 5 -5 7 9 -9 -5 0 -3 -4 8 6 -8 7 9 5 -10 10 -9 -8 1 8 -10 -6 2 -7 -1 3 -7 -2 8 6 4 6 1 0 -3 -5 5 -5 -10 -10 5 1 8 -10 6 0 -2 -6 -6 1 4 0 5 -7 -4 4 10 -7 0 -1 -4 7 -6 8 -1 -6 -10 -2 2 -7 4 5 -9 -7 5 -8 -10 -7 1 6 -5 9 -9 -2 -8 4 5 -7 -5 -4 -3 -6 10 -7 5 -1 2 -6 7 5 9 8 -3 -3 -1 -8 6 9 -9 -4 -6 9 -5 -2 -6 5 -7 -1 -4 6 -5 -2 5 -4 2 10 -8 2 -7 8 1 7 -6 2 -8 2 1 -8 3 -9 -2 0 10 8 -9 -2 -5 6 9 2 -7 -5 -4 2 3 -6 10 4 -4 -2 2 -4 7 7 5 -9 3 -2 -3 2 6 -9 -9 8 -4 -8 10 -4 1 0 6 -2 1 7 -8 5 -10 6 -9 7 3 4 -5 -10 1 2 10 7 -3 7 -2 6 0 3 -1 2 -2 9 2 -3 -3 9 -1 -3 9 -8 10 -5 8 7 -9 4 8 4 1 6 -8 8 -9 9 -9 -7 -7 -10 9 9 -1 6 6 -1 2 -9 8 -8 9 -6 -1 -10 2 -2 5 -9 -10 -10 -10 0 -1 -7 -7 0 -9 8 -2 4 -8 -1 0 0 4 -6 3 9 -10 4 7 0 -3 -2 -6 10 -4 3 -2 -4 0 7 4 7 4 2 -5 5 2 8 -9 -9 10 -10 7 10 9 -8 1 5 7 6 -4 -8 -6 3 -2 -1 5 8 -3 -9 -10 4 9 9 0 -10 5 8 -9 7 -4 2 5 4 -8 -6 2 -3 -8 -3 5 -4 5 5 -5 7 -1 -5 6 -10 -1 0 -6 6 3 -7 -1 -9 7 9 1 6 1 -6 2 -2 -9 -5 6 -8 -5 6 -4 0 0 -6 -6 -4 1 -6 0 2 9 -5 6 3 -1 -5 2 9 -1 -5 -2 -2 1 -3 -3 -2 4 4 -10 -1 10 6 -9 4 1 -6 2 9 -3 0 -6 8 4 -3 8 9 1 -8 -1 -3 -2 4 7 6 5 0 2 -7 5 -4 3 -8 0 -7 8 -10 7 -10 1 5 -8 -2 1 9 9 -6 7 -6 -4 -9 -3 4 4 -3 3 -3 9 0 -8 -6 -8 -6 -3 6 2 6 -7 -4 1 4 -5 10 -3 7 -6 5 -8 -1 3 -2 -2 -1 4 9 7 2 -2 1 -5 -5 -9 2 -1 4 -3 1 2 10 -7 1 8 -8 1 -4 -6 -7 5 -5 2 9 9 10 -8 5 3 9 -7 9 -10 1 -9 -10 9 -6 -9 1 -2 -1 3 -4 8 10 0 3 -3 7 6 -10 8 -6 -6 0 8 -4 -10 -10 -5 7 7 0 -5 0 6 7 10 3 -2 -1 -8 1 -5 1 9 4 -3 9 9 -3 -7 1 -3 -2 -5 9 5 -3 -5 5 1 -3 0 -3 8 -9 1 1 7 9 0 -5 5 -3 8 -8 -6 6 3 -6 6 6 0 2 -10 8 7 3 6 -3 0 4 4 -1 4 0 -1 -5 -5 -3 3 3 8 9 10 -1 -2 8 -6 -9 0 -10 6 0 -9 4 9 9 -10 7 2 -1 -4 -3 -7 3 -7 1 -4 -5 -1 -10 -9 5 6 -9 3 -5 0 0 7 2 6 -4 9 -7 -9 -7 -9 2 -10 5 5 9 -1 7 -3 -9 -9 -2 -8 5 -8 5 10 -8 10 -3 -3 9 3 -9 3 4 4 -4 6 2 6 -6 -7 -2 9 -6 -1 4 -9 -9 -5 6 4 8 4 4 3 8 7 -6 -5 5 2 10 -2 4 -3 6 1 -10 -4 -4 -3 7 -2 3 5 0 -3 -8 4 -5 2 -8 4 -9 -2 1 -8 -5 9 10 -3 -10 4 6 5 -7 -7 9 1 -4 1 3 -3 8 5 7 -2 -1 2 10 -7 -6 -9 -4 -3 -7 -8 -7 1 5 -6 -1 3 -4 6 -3 -4 6 -5 -3 -10 -3 2 7 -1 -10 8 -7 -7 8 3 -5 -5 7 -4 10 -5 10 -9 4 -10 7 -1 -4 10 -5 9 10 -8 0 -4 -4 -10 1 -8 1 9 -8 2 -4 0 7 0 -3 3 10 8 4 8 6 -9 -9 -9 8 3 -9 9 8 2 -1 6 -5 -4 0 -8 -3 1 -10 5 0 -8 6 -1 5 7 9 -8 0 7 -5 0 6 3 10 3 4 7 7 -4 -4 10 -3 0 -6 -7 -2 6 3 10 -1 2 10 -8 -3 7 1 -5 5 7 -7 9 -3 -8 1 -5 -1 5 -5 6 1 -2 -10 5 -8 5 9 -2 10 -9 -1 -3 -6 2 6 5 5 7 -1 1 -3 -6 5 -8 1 -6 0 -6 6 0 -5 0 -7 10 7 7 -2 -1 5 7 -10 -9 3 1 4 -8 -10 -5 1 -6 3 8 9 4 5 -9 -6 -6 -2 -1 -3 -3 -3 -5 -1 -4 -4 2 -2 7 7 -6 6 -9 0 -5 -2 -7 3 10 -7 -9 10 -4 -10 -2 -6 -5 -2 5 -3 5 -5 8 -7 3 -6 10 8 5 6 3 9 -8 10 2 8 -7 0 -10 1 -3 -5 6 6 -8 -4 -5 -5 9 -8 6 6 -10 -7 -10 -3 -1 5 10 -5 -3 10 -1 1 -10 -2 2 4 4 -6 0 -9 -6 6 -8 -4 0 5 10 -7 5 -9 -4 2 10 -10 2 7 1 5 10 9 0 3 3 -8 9 -7 -1 5 4 -1 -1 4 -8 8 3 -6 7 9 -8 -8 9 -6 8 -5 5 2 2 -10 -7 -7 7 -4 7 -8 -7 5 1 0 -10 8 -8 -3 -1 -4 -1 -8 -6 3 9 6 -5 -10 10 -7 9 8 -4 8 9 0 3 -7 10 -10 6 -3 4 -5 -1 -2 -1 4 -1 -9 -9 -6 8 -8 2 -4 -6 10 -8 -4 9 -3 -2 -2 1 6 2 3 3 5 9 6 -5 -7 -2 -9 7 2 10 2 4 -8 -10 -7 0 9 -2 -4 3 -9 -9 9 -6 -4 8 -4 2 -7 1 -2 7 2 0 -8 4 -5 8 7 -3 -3 -4 -1 4 7 10 -9 8 6 7 4 -4 -7 -2 2 -8 9 1 2 0 -3 -3 7 6 -10 3 -4 -9 -6 4 4 -3 -3 -5 2 -3 0 10 4 -1 3 -3 -4 0 5 0 6 7 4 -4 6 6 3 4 -6 4 7 3 8 -1 4 5 -9 -8 8 -3 6 -8 1 10 2 5 7 1 -5 7 6 8 -2 10 8 2 -5 -7 -7 -3 3 9 4 -6 -8 -1 -7 5 1 -7 6 0 6 2 -8 -5 9 6 9 -10 -10 -3 -2 0 10 -9 8 -5 4 2 -3 9 -8 9 3 -2 -9 8 2 -7 5 -7 10 10 4 -9 -5 -4 4 4 0 -5 -4 -1 -5 -2 -1 -8 9 -7 -8 -7 -5 4 -9 4 -9 -6 2 -8 -8 7 10 2 6 -7 6 -1 -9 2 8 -2 -2 -5 -7 -7 -10 5 -10 2 8 -6 3 -10 7 -8 -9 4 2 -6 -6 -6 10 4 -6 6 4 10 -3 9 0 -2 -6 10 1 -5 9 3 9 6 -9 -3 0 0 1 7 -6 8 2 -8 1 6 2 -6 7 5 4 -9 6 -3 2 10 1 0 -5 -2 7 9 -1 -3 10 1 8 9 -10 5 9 -5 -2 -5 -10 3 3 7 1 -1 -7 -8 -10 -6 10 -1 -2 -6 -5 -5 -3 -5 10 1 8 -7 3 10 -8 -8 8 3 -5 -2 9 -6 3 7 6 -10 4 -6 -9 3 -9 -6 -7 3 -5 -8 5 10 -7 5 -2 -2 -6 8 10 7 9 1 5 -8 -2 -10 2 -5 -7 -7 -10 8 -9 -3 10 -9 -5 6 -6 -8 0 -8 0 3 4 -3 0 -8 -9 7 -6 3 8 -3 9 5 2 4 9 8 9 -10 -1 6 -10 -4 5 -3 -8 3 7 2 9 8 9 -7 1 -9 -6 -2 0 3 3 0 -2 0 -3 -3 -2 -6 6 -6 -1 3 -9 3 -7 -10 3 5 4 -10 5 10 -6 4 8 3 -3 0 -8 7 8 -7 2 -5 -1 -7 3 5 0 0 -7 0 -9 -1 -5 -10 -5 9 0 -3 -3 -1 4 -4 5 -9 7 -7 6 -4 7 -5 -5 6 -1 10 3 0 0 4 -6 9 0 4 -3 10 10 -2 6 -1 1 9 2 -3 -5 -2 5 -2 -3 9 8 6 -5 5 5 -9 2 0 3 3 8 8 8 -8 -3 -9 -10 1 -5 -9 3 -5 3 -10 3 7 -8 10 2 -4 2 2 1 -3 1 0 10 6 5 5 -4 -5 3 -2 -2 -2 -7 -7 -9 10 5 1 6 0 9 4 -8 6 -3 2 -8 -3 -3 6 9 8 8 2 5 9 7 9 9 -3 8 -6 10 5 6 9 -3 -5 2 9 -1 -4 3 -6 -10 -10 7 4 -10 3 9 2 -3 -1 -6 7 -1 -1 -4 -7 9 2 -7 10 6 10 0 -10 1 6 -8 7 7 -5 -7 -7 -8 -9 -6 -1 1 -2 3 -3 1 -6 -8 -9 -2 -10 0 7 -9 -2 6 3 0 2 3 1 1 -10 8 -8 -6 -8 -7 -8 6 -4 -5 6 4 -8 -7 10 -9 -8 1 -3 -10 1 -9 1 -9 -10 3 -7 -5 -7 -5 10 -7 -2 3 4 -6 0 1 4 9 7 0 9 9 0 -9 1 -9 -2 -8 5 -4 -10 10 -3 3 -2 -1 -10 1 -5 1 2 1 10 -6 -2 -5 7 -8 5 3 3 9 -1 0 -4 -6 0 3 5 -7 -8 8 -7 -3 10 -5 8 -5 2 10 -1 3 5 8 2 0 -2 -4 -6 -9 5 8 -2 7 1 -6 -7 -5 7 6 2 -10 9 9 -4 -1 2 6 6 5 -10 -2 -8 7 -10 -1 1 -2 5 2 8 -8 1 9 -6 -9 9 -8 -5 7 -4 7 -8 -6 -10 3 -4 2 -7 10 -2 8 -1 -3 -1 -5 8 -10 -9 1 8 10 -6 -10 3 -1 -3 -3 9 -5 6 -4 4 -2 2 -8 9 5 0 -8 0 5 -3 2 3 -9 7 4 5 8 -2 0 -4 -8 4 1 1 5 8 -3 -6 -5 -7 10 -4 9 -4 -9 -10 -4 1 10 -6 -2 10 7 -1 4 9 -2 -3 -4 -8 -9 -5 7 -8 1 8 10 3 5 6 2 -5 3 9 -9 6 -9 4 -7 -9 7 3 6 -1 -8 8 7 7 -10 10 -4 -2 5 6 -4 -7 4 3 5 -5 -8 -9 10 -6 8 7 7 9 -10 -2 -10 8 3 0 -2 2 -1 9 -8 2 -3 -3 -2 -10 8 -3 3 -10 -2 -10 -4 2 7 0 -5 10 -2 8 7 2 9 -4 -9 8 -3 -5 9 7 1 6 -10 7 -4 -7 -1 -8 -6 -2 4 -8 -1 -9 6 -8 8 9 -6 9 6 -6 2 8 -6 4 -2 -3 5 7 -6 10 -3 9 3 -8 2 8 -5 0 2 -3 -6 -3 -1 1 -1 -4 5 -10 -4 -6 2 6 4 7 -8 0 -6 7 2 4 1 -1 -6 2 8 5 5 -5 1 1 7 7 -4 -8 -3 -4 -10 -9 4 8 -5 4 9 9 -3 -2 0 -6 -2 -9 -6 1 -9 0 9 0 -3 6 -9 8 6 0 -5 9 -2 9 6 9 -1 -5 -9 10 -4 5 -1 7 2 1 2 6 -7 10 -2 7 -3 -8 -9 4 -2 -4 -7 2 5 7 10 -4 3 4 -2 -1 -4 -6 9 1 6 -2 -9 10 -10 1 -4 9 -5 -4 2 6 -8 -10 -8 9 -8 -4 8 -6 -4 7 -1 9 10 -3 9 8 0 -3 9 -6 3 -4 -2 -10 -5 -6 -5 4 -6 -6 -2 9 -6 0 -4 10 6 2 1 -7 0 -7 3 4 1 -5 -4 -5 -1 0 -7 1 6 8 0 -3 -7 1 10 -2 5 8 -1 -8 7 -9 -5 10 0 -9 6 -2 -2 -10 10 -5 10 2 -3 2 6 4 3 -3 -3 7 6 -6 8 0 -1 -6 6 -5 8 -5 10 -4 -5 5 4 -3 7 4 -10 -1 -7 -1 2 8 -8 2 5 -5 -5 1 9 -8 2 8 10 -8 6 0 5 -3 6 -5 8 2 -8 5 -1 7 -5 -3 4 -6 -7 -4 4 1 -3 -4 -5 10 -10 6 -1 8 1 -5 7 10 -4 5 5 -9 4 2 2 7 -8 7 -5 9 -6 -9 5 0 -4 5 0 -4 10 6 6 -8 9 7 1 -2 4 0 0 -6 -6 3 5 8 7 -3 0 -3 -6 -6 9 -3 7 6 3 4 -8 -6 -6 -6 8 -7 -10 10 10 4 -4 -10 8 -2 3 6 -3 0 -10 -10 8 3 -10 -6 2 -3 10 10 -1 0 -8 10 -10 10 1 5 -10 -1 -5 5 8 -7 -1 7 3 -6 8 1 -9 -1 -8 4 6 -10 -6 7 5 3 1 -5 2 10 10 -2 9 2 -6 -2 -7 -5 4 -1 7 -7 2 4 -6 -4 10 -8 -2 2 3 -2 -4 8 10 -3 -4 -3 -2 0 -1 0 -7 3 -1 -4 8 2 -1 -5 7 7 9 -6 3 7 -2 -3 3 6 -3 5 -3 -2 8 3 7 -1 5 10 -5 -9 6 3 -7 -5 -4 9 7 3 3 -10 6 4 3 -4 -6 5 -5 -10 3 7 -8 -4 -10 5 -4 2 5 -7 8 -3 8 9 4 -6 -8 3 -2 2 -9 8 -6 0 5 -2 10 -1 -10 -6 -10 2 -2 -6 -1 1 -9 2 6 -8 -1 4 8 2 1 -6 0 6 -8 -3 4 -3 8 5 -3 1 2 1 -3 -7 -10 1 -10 10 8 0 0 9 -7 1 -1 8 0 2 -5 1 2 -7 -9 5 -4 -6 -9 7 7 -8 -1 -4 -7 3 5 3 3 -7 -9 3 -7 1 -7 -9 3 -6 -6 10 -3 -1 -4 -1 -1 1 -9 8 -10 -8 7 5 -7 7 -3 4 5 7 8 7 4 1 -6 -4 1 -1 2 -3 -4 10 -5 4 6 7 3 5 -4 0 -5 -10 -8 0 -8 -10 8 4 -10 -3 -10 5 9 -7 2 8 -7 2 2 4 2 -1 0 8 -9 9 -8 -9 4 -8 -5 5 4 10 -3 3 0 -9 0 8 4 7 -1 2 5 7 -8 -1 -7 -6 10 0 -8 -7 -4 -4 9 -1 8 7 -10 8 -8 -7 9 0 1 -8 5 -7 4 -10 5 -2 10 8 -4 7 -8 9 10 2 -8 -7 -7 -3 -8 -3 -10 4 1 9 -5 -6 -8 5 0 -4 -10 5 -4 9 9 2 -6 1 1 -1 8 10 0 0 7 -6 3 -5 3 9 -5 -2 -2 -9 -3 -3 -1 6 3 9 4 -8 1 -6 8 -10 -8 10 -8 -10 6 -4 -7 -3 -5 9 10 7 4 -7 -5 -9 -9 -6 9 -10 4 7 5 9 -3 0 -5 7 2 -9 -10 -3 2 10 -2 -10 -7 5 7 3 -7 7 5 2 2 7 3 -9 0 -4 -8 4 2 -2 -10 2 -8 4 3 4 -5 -9 5 -10 8 -1 0 -6 10 6 10 6 -3 6 9 -8 2 -7 2 -3 -9 9 1 1 4 -9 3 -10 -2 4 -8 -9 -8 7 6 0 -9 6 -4 -7 -9 -9 0 -8 -10 -4 -10 4 2 8 -6 3 5 6 -9 5 -8 -2 9 10 -6 -10 -2 -3 6 5 10 6 7 -5 9 -6 1 1 -9 -6 10 3 -2 -9 10 8 -5 -3 -6 2 3 -6 0 10 -9 -6 8 0 -4 3 7 9 4 5 2 -8 -6 -7 10 -3 -10 3 -4 8 -9 2 10 -1 3 10 7 2 -5 -3 2 4 -5 -2 10 7 0 -10 4 -4 1 7 -6 -1 8 -1 -10 -10 0 8 2 1 -1 6 6 -8 2 9 -10 -5 -1 -7 -8 -5 0 -7 -6 -7 -1 -9 -6 1 -5 -5 -2 -8 -5 -8 -1 -1 -1









-1 -3 -4 -3 1 -1 0 -7 2 -8 7 -1 3 -5 -5 4 -2 -8 -8 4 5 10 1 5 -3 -3 -10 3 -3 3 -3 10 -5 1 -6 5 -3 2 -9 9 4 5 7 -8 -10 3 4 -2 -8 -1 -4 -10 -10 -9 -9 3 7 4 -9 -4 -7 4 10 8 6 -5 10 -6 -5 -9 -1 -8 3 0 -1 -4 -1 4 0 8 -2 7 10 -7 -8 5 3 -2 -5 -10 8 -6 -1 7 8 0 -10 7 10 -10 4 9 10 9 4 -10 2 -6 -9 0 -6 -10 -4 -5 -10 7 1 -4 -5 6 -8 -3 8 -2 -4 6 -1 5 1 -7 -2 -2 3 -6 6 1 -2 -7 -6 5 -8 -6 4 8 -3 -3 7 8 -1 -5 3 1 8 -10 -5 3 6 10 -6 -4 -4 -3 1 -5 -9 1 -9 -4 9 -10 3 2 3 8 8 4 -6 0 5 -7 -9 -9 1 5 -8 -9 2 -7 5 -5 0 3 0 -5 -8 2 -1 4 5 4 9 6 1 10 1 10 7 8 -7 10 -1 -10 -3 -4 -9 -6 0 -6 -6 4 7 -8 -5 8 -6 -7 4 -7 -8 -2 4 -8 7 2 5 -1 -2 -3 -8 2 4 0 -2 0 -5 -1 -1 -1 0 5 -8 8 9 5 10 1 0 -10 -2 2 5 7 8 -6 7 -7 -10 9 -8 -7 10 10 -8 1 10 2 6 -9 -2 -5 4 -9 -5 9 -10 5 -5 -6 0 -4 -5 -9 10 4 -7 -4 7 -4 -3 2 -3 7 -9 -9 0 -8 -8 -4 -9 -2 -3 -4 -6 4 5 9 0 -2 3 -7 4 7 1 1 -7 -6 -10 2 -7 -6 -9 6 7 4 -6 4 10 0 6 7 -9 6 8 9 -1 -6 -5 5 7 -1 -9 1 3 -3 -9 -7 -3 8 -4 8 -9 -8 -10 1 0 -7 0 -10 -10 5 7 -10 6 -8 -2 -4 -4 7 -8 -9 7 -6 6 1 8 -4 -1 -2 -3 8 -9 -1 1 7 -8 0 5 4 -7 0 6 -10 5 -6 2 8 5 -1 8 2 -9 -7 -4 -5 2 -8 -8 8 -9 -3 1 5 8 -10 9 -7 -9 4 7 2 -7 9 -2 5 -10 6 -7 -8 -9 0 6 10 -3 10 7 8 5 7 0 4 -6 10 -5 2 5 -8 -1 -7 7 6 -10 -9 6 -2 -1 8 -10 -4 5 -5 -10 -4 -4 1 -3 -6 3 -2 0 5 -4 1 -10 -7 7 7 2 -2 5 9 -9 -10 2 -3 -2 3 9 -7 8 6 -5 -4 -2 7 -1 -3 10 3 7 -8 2 7 7 -1 -6 -6 7 4 -3 -4 -8 -9 7 4 -9 -7 7 -7 -4 -5 -1 9 7 3 4 1 10 -4 -2 10 -3 6 -3 -6 -8 7 -9 4 1 6 -6 2 1 -1 -9 9 10 -8 9 4 9 5 7 9 -5 2 5 0 1 5 0 -2 0 -3 10 -5 3 9 10 3 -5 7 3 6 0 -3 0 -8 -7 0 6 3 -9 -9 0 1 9 6 -10 -4 -3 8 8 7 7 -3 10 -3 0 1 8 -5 -1 4 7 10 10 2 1 6 6 -9 -1 -8 -5 8 9 0 1 -4 7 -5 0 8 6 6 7 -7 7 7 0 -8 -10 1 8 -8 9 5 -10 -10 -5 3 3 6 9 -4 1 -1 3 0 -1 5 -5 5 -7 -9 9 5 0 3 4 -8 -6 8 -7 -9 -5 10 -10 9 8 -1 -8 10 6 -2 7 1 -3 7 2 -8 -6 -4 -6 -1 0 3 5 -5 5 10 10 -5 -1 -8 10 -6 0 2 6 6 -1 -4 0 -5 7 4 -4 -10 7 0 1 4 -7 6 -8 1 6 10 2 -2 7 -4 -5 9 7 -5 8 10 7 -1 -6 5 -9 9 2 8 -4 -5 7 5 4 3 6 -10 7 -5 1 -2 6 -7 -5 -9 -8 3 3 1 8 -6 -9 9 4 6 -9 5 2 6 -5 7 1 4 -6 5 2 -5 4 -2 -10 8 -2 7 -8 -1 -7 6 -2 8 -2 -1 8 -3 9 2 0 -10 -8 9 2 5 -6 -9 -2 7 5 4 -2 -3 6 -10 -4 4 2 -2 4 -7 -7 -5 9 -3 2 3 -2 -6 9 9 -8 4 8 -10 4 -1 0 -6 2 -1 -7 8 -5 10 -6 9 -7 -3 -4 5 10 -1 -2 -10 -7 3 -7 2 -6 0 -3 1 -2 2 -9 -2 3 3 -9 1 3 -9 8 -10 5 -8 -7 9 -4 -8 -4 -1 -6 8 -8 9 -9 9 7 7 10 -9 -9 1 -6 -6 1 -2 9 -8 8 -9 6 1 10 -2 2 -5 9 10 10 10 0 1 7 7 0 9 -8 2 -4 8 1 0 0 -4 6 -3 -9 10 -4 -7 0 3 2 6 -10 4 -3 2 4 0 -7 -4 -7 -4 -2 5 -5 -2 -8 9 9 -10 10 -7 -10 -9 8 -1 -5 -7 -6 4 8 6 -3 2 1 -5 -8 3 9 10 -4 -9 -9 0 10 -5 -8 9 -7 4 -2 -5 -4 8 6 -2 3 8 3 -5 4 -5 -5 5 -7 1 5 -6 10 1 0 6 -6 -3 7 1 9 -7 -9 -1 -6 -1 6 -2 2 9 5 -6 8 5 -6 4 0 0 6 6 4 -1 6 0 -2 -9 5 -6 -3 1 5 -2 -9 1 5 2 2 -1 3 3 2 -4 -4 10 1 -10 -6 9 -4 -1 6 -2 -9 3 0 6 -8 -4 3 -8 -9 -1 8 1 3 2 -4 -7 -6 -5 0 -2 7 -5 4 -3 8 0 7 -8 10 -7 10 -1 -5 8 2 -1 -9 -9 6 -7 6 4 9 3 -4 -4 3 -3 3 -9 0 8 6 8 6 3 -6 -2 -6 7 4 -1 -4 5 -10 3 -7 6 -5 8 1 -3 2 2 1 -4 -9 -7 -2 2 -1 5 5 9 -2 1 -4 3 -1 -2 -10 7 -1 -8 8 -1 4 6 7 -5 5 -2 -9 -9 -10 8 -5 -3 -9 7 -9 10 -1 9 10 -9 6 9 -1 2 1 -3 4 -8 -10 0 -3 3 -7 -6 10 -8 6 6 0 -8 4 10 10 5 -7 -7 0 5 0 -6 -7 -10 -3 2 1 8 -1 5 -1 -9 -4 3 -9 -9 3 7 -1 3 2 5 -9 -5 3 5 -5 -1 3 0 3 -8 9 -1 -1 -7 -9 0 5 -5 3 -8 8 6 -6 -3 6 -6 -6 0 -2 10 -8 -7 -3 -6 3 0 -4 -4 1 -4 0 1 5 5 3 -3 -3 -8 -9 -10 1 2 -8 6 9 0 10 -6 0 9 -4 -9 -9 10 -7 -2 1 4 3 7 -3 7 -1 4 5 1 10 9 -5 -6 9 -3 5 0 0 -7 -2 -6 4 -9 7 9 7 9 -2 10 -5 -5 -9 1 -7 3 9 9 2 8 -5 8 -5 -10 8 -10 3 3 -9 -3 9 -3 -4 -4 4 -6 -2 -6 6 7 2 -9 6 1 -4 9 9 5 -6 -4 -8 -4 -4 -3 -8 -7 6 5 -5 -2 -10 2 -4 3 -6 -1 10 4 4 3 -7 2 -3 -5 0 3 8 -4 5 -2 8 -4 9 2 -1 8 5 -9 -10 3 10 -4 -6 -5 7 7 -9 -1 4 -1 -3 3 -8 -5 -7 2 1 -2 -10 7 6 9 4 3 7 8 7 -1 -5 6 1 -3 4 -6 3 4 -6 5 3 10 3 -2 -7 1 10 -8 7 7 -8 -3 5 5 -7 4 -10 5 -10 9 -4 10 -7 1 4 -10 5 -9 -10 8 0 4 4 10 -1 8 -1 -9 8 -2 4 0 -7 0 3 -3 -10 -8 -4 -8 -6 9 9 9 -8 -3 9 -9 -8 -2 1 -6 5 4 0 8 3 -1 10 -5 0 8 -6 1 -5 -7 -9 8 0 -7 5 0 -6 -3 -10 -3 -4 -7 -7 4 4 -10 3 0 6 7 2 -6 -3 -10 1 -2 -10 8 3 -7 -1 5 -5 -7 7 -9 3 8 -1 5 1 -5 5 -6 -1 2 10 -5 8 -5 -9 2 -10 9 1 3 6 -2 -6 -5 -5 -7 1 -1 3 6 -5 8 -1 6 0 6 -6 0 5 0 7 -10 -7 -7 2 1 -5 -7 10 9 -3 -1 -4 8 10 5 -1 6 -3 -8 -9 -4 -5 9 6 6 2 1 3 3 3 5 1 4 4 -2 2 -7 -7 6 -6 9 0 5 2 7 -3 -10 7 9 -10 4 10 2 6 5 2 -5 3 -5 5 -8 7 -3 6 -10 -8 -5 -6 -3 -9 8 -10 -2 -8 7 0 10 -1 3 5 -6 -6 8 4 5 5 -9 8 -6 -6 10 7 10 3 1 -5 -10 5 3 -10 1 -1 10 2 -2 -4 -4 6 0 9 6 -6 8 4 0 -5 -10 7 -5 9 4 -2 -10 10 -2 -7 -1 -5 -10 -9 0 -3 -3 8 -9 7 1 -5 -4 1 1 -4 8 -8 -3 6 -7 -9 8 8 -9 6 -8 5 -5 -2 -2 10 7 7 -7 4 -7 8 7 -5 -1 0 10 -8 8 3 1 4 1 8 6 -3 -9 -6 5 10 -10 7 -9 -8 4 -8 -9 0 -3 7 -10 10 -6 3 -4 5 1 2 1 -4 1 9 9 6 -8 8 -2 4 6 -10 8 4 -9 3 2 2 -1 -6 -2 -3 -3 -5 -9 -6 5 7 2 9 -7 -2 -10 -2 -4 8 10 7 0 -9 2 4 -3 9 9 -9 6 4 -8 4 -2 7 -1 2 -7 -2 0 8 -4 5 -8 -7 3 3 4 1 -4 -7 -10 9 -8 -6 -7 -4 4 7 2 -2 8 -9 -1 -2 0 3 3 -7 -6 10 -3 4 9 6 -4 -4 3 3 5 -2 3 0 -10 -4 1 -3 3 4 0 -5 0 -6 -7 -4 4 -6 -6 -3 -4 6 -4 -7 -3 -8 1 -4 -5 9 8 -8 3 -6 8 -1 -10 -2 -5 -7 -1 5 -7 -6 -8 2 -10 -8 -2 5 7 7 3 -3 -9 -4 6 8 1 7 -5 -1 7 -6 0 -6 -2 8 5 -9 -6 -9 10 10 3 2 0 -10 9 -8 5 -4 -2 3 -9 8 -9 -3 2 9 -8 -2 7 -5 7 -10 -10 -4 9 5 4 -4 -4 0 5 4 1 5 2 1 8 -9 7 8 7 5 -4 9 -4 9 6 -2 8 8 -7 -10 -2 -6 7 -6 1 9 -2 -8 2 2 5 7 7 10 -5 10 -2 -8 6 -3 10 -7 8 9 -4 -2 6 6 6 -10 -4 6 -6 -4 -10 3 -9 0 2 6 -10 -1 5 -9 -3 -9 -6 9 3 0 0 -1 -7 6 -8 -2 8 -1 -6 -2 6 -7 -5 -4 9 -6 3 -2 -10 -1 0 5 2 -7 -9 1 3 -10 -1 -8 -9 10 -5 -9 5 2 5 10 -3 -3 -7 -1 1 7 8 10 6 -10 1 2 6 5 5 3 5 -10 -1 -8 7 -3 -10 8 8 -8 -3 5 2 -9 6 -3 -7 -6 10 -4 6 9 -3 9 6 7 -3 5 8 -5 -10 7 -5 2 2 6 -8 -10 -7 -9 -1 -5 8 2 10 -2 5 7 7 10 -8 9 3 -10 9 5 -6 6 8 0 8 0 -3 -4 3 0 8 9 -7 6 -3 -8 3 -9 -5 -2 -4 -9 -8 -9 10 1 -6 10 4 -5 3 8 -3 -7 -2 -9 -8 -9 7 -1 9 6 2 0 -3 -3 0 2 0 3 3 2 6 -6 6 1 -3 9 -3 7 10 -3 -5 -4 10 -5 -10 6 -4 -8 -3 3 0 8 -7 -8 7 -2 5 1 7 -3 -5 0 0 7 0 9 1 5 10 5 -9 0 3 3 1 -4 4 -5 9 -7 7 -6 4 -7 5 5 -6 1 -10 -3 0 0 -4 6 -9 0 -4 3 -10 -10 2 -6 1 -1 -9 -2 3 5 2 -5 2 3 -9 -8 -6 5 -5 -5 9 -2 0 -3 -3 -8 -8 -8 8 3 9 10 -1 5 9 -3 5 -3 10 -3 -7 8 -10 -2 4 -2 -2 -1 3 -1 0 -10 -6 -5 -5 4 5 -3 2 2 2 7 7 9 -10 -5 -1 -6 0 -9 -4 8 -6 3 -2 8 3 3 -6 -9 -8 -8 -2 -5 -9 -7 -9 -9 3 -8 6 -10 -5 -6 -9 3 5 -2 -9 1 4 -3 6 10 10 -7 -4 10 -3 -9 -2 3 1 6 -7 1 1 4 7 -9 -2 7 -10 -6 -10 0 10 -1 -6 8 -7 -7 5 7 7 8 9 6 1 -1 2 -3 3 -1 6 8 9 2 10 0 -7 9 2 -6 -3 0 -2 -3 -1 -1 10 -8 8 6 8 7 8 -6 4 5 -6 -4 8 7 -10 9 8 -1 3 10 -1 9 -1 9 10 -3 7 5 7 5 -10 7 2 -3 -4 6 0 -1 -4 -9 -7 0 -9 -9 0 9 -1 9 2 8 -5 4 10 -10 3 -3 2 1 10 -1 5 -1 -2 -1 -10 6 2 5 -7 8 -5 -3 -3 -9 1 0 4 6 0 -3 -5 7 8 -8 7 3 -10 5 -8 5 -2 -10 1 -3 -5 -8 -2 0 2 4 6 9 -5 -8 2 -7 -1 6 7 5 -7 -6 -2 10 -9 -9 4 1 -2 -6 -6 -5 10 2 8 -7 10 1 -1 2 -5 -2 -8 8 -1 -9 6 9 -9 8 5 -7 4 -7 8 6 10 -3 4 -2 7 -10 2 -8 1 3 1 5 -8 10 9 -1 -8 -10 6 10 -3 1 3 3 -9 5 -6 4 -4 2 -2 8 -9 -5 0 8 0 -5 3 -2 -3 9 -7 -4 -5 -8 2 0 4 8 -4 -1 -1 -5 -8 3 6 5 7 -10 4 -9 4 9 10 4 -1 -10 6 2 -10 -7 1 -4 -9 2 3 4 8 9 5 -7 8 -1 -8 -10 -3 -5 -6 -2 5 -3 -9 9 -6 9 -4 7 9 -7 -3 -6 1 8 -8 -7 -7 10 -10 4 2 -5 -6 4 7 -4 -3 -5 5 8 9 -10 6 -8 -7 -7 -9 10 2 10 -8 -3 0 2 -2 1 -9 8 -2 3 3 2 10 -8 3 -3 10 2 10 4 -2 -7 0 5 -10 2 -8 -7 -2 -9 4 9 -8 3 5 -9 -7 -1 -6 10 -7 4 7 1 8 6 2 -4 8 1 9 -6 8 -8 -9 6 -9 -6 6 -2 -8 6 -4 2 3 -5 -7 6 -10 3 -9 -3 8 -2 -8 5 0 -2 3 6 3 1 -1 1 4 -5 10 4 6 -2 -6 -4 -7 8 0 6 -7 -2 -4 -1 1 6 -2 -8 -5 -5 5 -1 -1 -7 -7 4 8 3 4 10 9 -4 -8 5 -4 -9 -9 3 2 0 6 2 9 6 -1 9 0 -9 0 3 -6 9 -8 -6 0 5 -9 2 -9 -6 -9 1 5 9 -10 4 -5 1 -7 -2 -1 -2 -6 7 -10 2 -7 3 8 9 -4 2 4 7 -2 -5 -7 -10 4 -3 -4 2 1 4 6 -9 -1 -6 2 9 -10 10 -1 4 -9 5 4 -2 -6 8 10 8 -9 8 4 -8 6 4 -7 1 -9 -10 3 -9 -8 0 3 -9 6 -3 4 2 10 5 6 5 -4 6 6 2 -9 6 0 4 -10 -6 -2 -1 7 0 7 -3 -4 -1 5 4 5 1 0 7 -1 -6 -8 0 3 7 -1 -10 2 -5 -8 1 8 -7 9 5 -10 0 9 -6 2 2 10 -10 5 -10 -2 3 -2 -6 -4 -3 3 3 -7 -6 6 -8 0 1 6 -6 5 -8 5 -10 4 5 -5 -4 3 -7 -4 10 1 7 1 -2 -8 8 -2 -5 5 5 -1 -9 8 -2 -8 -10 8 -6 0 -5 3 -6 5 -8 -2 8 -5 1 -7 5 3 -4 6 7 4 -4 -1 3 4 5 -10 10 -6 1 -8 -1 5 -7 -10 4 -5 -5 9 -4 -2 -2 -7 8 -7 5 -9 6 9 -5 0 4 -5 0 4 -10 -6 -6 8 -9 -7 -1 2 -4 0 0 6 6 -3 -5 -8 -7 3 0 3 6 6 -9 3 -7 -6 -3 -4 8 6 6 6 -8 7 10 -10 -10 -4 4 10 -8 2 -3 -6 3 0 10 10 -8 -3 10 6 -2 3 -10 -10 1 0 8 -10 10 -10 -1 -5 10 1 5 -5 -8 7 1 -7 -3 6 -8 -1 9 1 8 -4 -6 10 6 -7 -5 -3 -1 5 -2 -10 -10 2 -9 -2 6 2 7 5 -4 1 -7 7 -2 -4 6 4 -10 8 2 -2 -3 2 4 -8 -10 3 4 3 2 0 1 0 7 -3 1 4 -8 -2 1 5 -7 -7 -9 6 -3 -7 2 3 -3 -6 3 -5 3 2 -8 -3 -7 1 -5 -10 5 9 -6 -3 7 5 4 -9 -7 -3 -3 10 -6 -4 -3 4 6 -5 5 10 -3 -7 8 4 10 -5 4 -2 -5 7 -8 3 -8 -9 -4 6 8 -3 2 -2 9 -8 6 0 -5 2 -10 1 10 6 10 -2 2 6 1 -1 9 -2 -6 8 1 -4 -8 -2 -1 6 0 -6 8 3 -4 3 -8 -5 3 -1 -2 -1 3 7 10 -1 10 -10 -8 0 0 -9 7 -1 1 -8 0 -2 5 -1 -2 7 9 -5 4 6 9 -7 -7 8 1 4 7 -3 -5 -3 -3 7 9 -3 7 -1 7 9 -3 6 6 -10 3 1 4 1 1 -1 9 -8 10 8 -7 -5 7 -7 3 -4 -5 -7 -8 -7 -4 -1 6 4 -1 1 -2 3 4 -10 5 -4 -6 -7 -3 -5 4 0 5 10 8 0 8 10 -8 -4 10 3 10 -5 -9 7 -2 -8 7 -2 -2 -4 -2 1 0 -8 9 -9 8 9 -4 8 5 -5 -4 -10 3 -3 0 9 0 -8 -4 -7 1 -2 -5 -7 8 1 7 6 -10 0 8 7 4 4 -9 1 -8 -7 10 -8 8 7 -9 0 -1 8 -5 7 -4 10 -5 2 -10 -8 4 -7 8 -9 -10 -2 8 7 7 3 8 3 10 -4 -1 -9 5 6 8 -5 0 4 10 -5 4 -9 -9 -2 6 -1 -1 1 -8 -10 0 0 -7 6 -3 5 -3 -9 5 2 2 9 3 3 1 -6 -3 -9 -4 8 -1 6 -8 10 8 -10 8 10 -6 4 7 3 5 -9 -10 -7 -4 7 5 9 9 6 -9 10 -4 -7 -5 -9 3 0 5 -7 -2 9 10 3 -2 -10 2 10 7 -5 -7 -3 7 -7 -5 -2 -2 -7 -3 9 0 4 8 -4 -2 2 10 -2 8 -4 -3 -4 5 9 -5 10 -8 1 0 6 -10 -6 -10 -6 3 -6 -9 8 -2 7 -2 3 9 -9 -1 -1 -4 9 -3 10 2 -4 8 9 8 -7 -6 0 9 -6 4 7 9 9 0 8 10 4 10 -4 -2 -8 6 -3 -5 -6 9 -5 8 2 -9 -10 6 10 2 3 -6 -5 -10 -6 -7 5 -9 6 -1 -1 9 6 -10 -3 2 9 -10 -8 5 3 6 -2 -3 6 0 -10 9 6 -8 0 4 -3 -7 -9 -4 -5 -2 8 6 7 -10 3 10 -3 4 -8 9 -2 -10 1 -3 -10 -7 -2 5 3 -2 -4 5 2 -10 -7 0 10 -4 4 -1 -7 6 1 -8 1 10 10 0 -8 -2 -1 1 -6 -6 8 -2 -9 10 5 1 7 8 5 0 7 6 7 1 9 6 -1 5 5 2 8 5 8 1 1 1



















(25722, 861215), (27301, 6327653), (32317, 1620993), (32363, 9958269), (58214, 3613845), (64648, 1106355), (81316, 2875018), (116209, 9754030), (117796, 6617531), (120260, 8389760), (134859, 6141165), (144532, 6875532), (147320, 7226265), (160687, 7368109), (163689, 7720303), (177222, 2704753), (179284, 7747880), (181087, 9945683), (187886, 1692468), (203669, 6355361), (208393, 314061), (219683, 4407672), (219975, 4206658), (234718, 7010769), (237339, 7190139), (237864, 4426992), (238821, 6277728), (256266, 2819765), (263987, 3706830), (265777, 4336884), (278252, 2418536), (309444, 4928433), (310287, 5644432), (313179, 8450870), (331519, 9679227), (344680, 6158130), (348514, 6778000), (350355, 306848), (374031, 6639815), (382123, 3806859), (400396, 4814038), (407002, 4232707), (420362, 7989260), (434500, 6331381), (435155, 7551640), (457634, 7708661), (472383, 2479252), (475338, 1329621), (491115, 8381557), (494529, 2869966), (496255, 9283038), (510259, 6544845), (528934, 1853393), (529249, 8177913), (538407, 8461668), (541036, 5292030), (542236, 5226699), (556288, 2125471), (569894, 6597667), (572252, 8928777), (630001, 4158125), (636056, 2245458), (642617, 720974), (664340, 538127), (666464, 6657014), (693493, 3258777), (695000, 9719313), (706927, 8989686), (720325, 6525806), (720442, 5495961), (800682, 9564500), (823875, 9791451), (829434, 757719), (844920, 2804004), (846295, 5792158), (847099, 9239744), (847843, 9372261), (857265, 5179324), (886675, 7485869), (889185, 2717667), (894270, 8664942), (900702, 8031279), (918524, 5025620), (925329, 1232779), (949108, 4371599), (957303, 3501159), (957702, 4090656), (959463, 561767), (965002, 2975078), (979033, 1156160), (981804, 2585426), (989954, 3646130), (990960, 4408214), (993916, 4374140), (1018628, 6469871), (1035518, 2264344), (1054878, 3201787), (1057563, 1257880), (1058680, 227322), (1067605, 4542819), (1068455, 2231324), (1077467, 4109252), (1080650, 9824723), (1085936, 7366350), (1094590, 7023861), (1104039, 9024811), (1105034, 254146), (1122636, 1748507), (1136846, 6224510), (1170763, 3751338), (1178161, 1808950), (1197189, 4973314), (1207884, 6841608), (1216175, 4845431), (1223413, 6647652), (1224495, 3258168), (1250566, 3011505), (1264461, 4133608), (1265281, 2685533), (1267260, 1742757), (1279940, 976443), (1281374, 2462304), (1283495, 3993087), (1294845, 1934943), (1297265, 3515437), (1298480, 3052189), (1301277, 7210737), (1308565, 1764833), (1325288, 849430), (1337258, 7441774), (1340507, 7329467), (1347284, 4431543), (1367625, 6749634), (1367792, 9181710), (1370405, 6159735), (1378264, 3112948), (1379265, 9736125), (1393958, 337850), (1398947, 7722854), (1418488, 1543311), (1423500, 7195678), (1431974, 4887296), (1432365, 5857797), (1458672, 7695510), (1460170, 7978077), (1477752, 7902655), (1482984, 1158607), (1484702, 2956430), (1485101, 1605109), (1500220, 9524313), (1508336, 8810196), (1540901, 1231324), (1550732, 9760885), (1556186, 3988385), (1560372, 6164663), (1577692, 5016699), (1583526, 7478017), (1590707, 6188624), (1604308, 4283587), (1630003, 2145065), (1631842, 1194937), (1635046, 4266064), (1637857, 4368478), (1643261, 7560378), (1645026, 4625038), (1656920, 2984509), (1671185, 6341748), (1672698, 1654029), (1672909, 4521988), (1673126, 4296102), (1682850, 3528937), (1707352, 1734060), (1729154, 4167011), (1736945, 3957932), (1737615, 6531026), (1744828, 8266451), (1746106, 3497107), (1757105, 489384), (1757219, 7250660), (1765499, 8869036), (1767915, 2460411), (1778883, 351363), (1779250, 3045394), (1783735, 4855309), (1795190, 4767354), (1807392, 6870572), (1808488, 5500709), (1815101, 3226554), (1820875, 8068590), (1821324, 409242), (1828364, 9877449), (1830416, 4972433), (1833416, 8000870), (1853523, 7949883), (1862154, 5978269), (1867973, 5845022), (1877428, 3804348), (1880899, 6223604), (1889578, 5581112), (1916857, 6382972), (1930276, 2074917), (1976759, 4516570), (1990331, 8614500), (1992900, 7399950), (1996082, 7262374), (2018211, 1792769), (2034249, 9906742), (2039076, 997777), (2044298, 5044247), (2050162, 7074039), (2050845, 5975357), (2057160, 9706692), (2063851, 4845917), (2095694, 3813419), (2111578, 5043079), (2124373, 5848685), (2130885, 7467294), (2151795, 8684554), (2195790, 1375591), (2196902, 3298285), (2211314, 3044462), (2211904, 3081126), (2216990, 3987566), (2231271, 8711920), (2232236, 6269242), (2245854, 4371031), (2260307, 7725752), (2263752, 3498285), (2266635, 7097992), (2280411, 4642353), (2294591, 9924566), (2306997, 9476703), (2309999, 8938711), (2312628, 6470063), (2332561, 2580003), (2333800, 7531300), (2338539, 1360430), (2340886, 4116557), (2345534, 2629862), (2348277, 566973), (2369404, 4238559), (2374531, 1989674), (2376367, 9816014), (2391259, 2642581), (2402195, 7084875), (2437192, 9727648), (2458597, 3273251), (2458643, 3269430), (2474164, 2902977), (2479306, 5957543), (2479671, 8395483), (2480331, 2138496), (2482394, 7684619), (2482751, 7463517), (2490027, 1175838), (2491135, 3900888), (2494401, 5608103), (2511403, 4388996), (2514140, 371759), (2529928, 4124897), (2531523, 9903001), (2535850, 7507321), (2537147, 4070775), (2553003, 349664), (2591867, 9526194), (2593012, 6238796), (2594946, 9444346), (2602412, 7529138), (2609858, 2202190), (2610877, 882883), (2611754, 8667101), (2616596, 9091122), (2631777, 6420699), (2662029, 9722014), (2686730, 8231651), (2702328, 8326955), (2708791, 4222428), (2721692, 9416818), (2728560, 2158753), (2758316, 9603187), (2777236, 2636928), (2784274, 9839484), (2795370, 3037646), (2801967, 9775126), (2813303, 1805086), (2817573, 8843614), (2828023, 4868337), (2837173, 3124496), (2845986, 2375628), (2854452, 1196732), (2866249, 6032716), (2875259, 354940), (2878972, 8038775), (2909709, 4007475), (2920043, 1089935), (2920661, 7696737), (2923440, 405250), (2926917, 5403138), (2936838, 6557294), (2938048, 8477513), (2946348, 7044686), (2950647, 4535021), (2961182, 6851701), (2987250, 3292904), (2987286, 8988432), (3009954, 8735528), (3016727, 3732860), (3030819, 4337196), (3035608, 8459880), (3039043, 7045711), (3049016, 4206979), (3051770, 4156326), (3055615, 1797476), (3064493, 3201937), (3076112, 2372097), (3076261, 2457919), (3078635, 7590928), (3098090, 8856602), (3098679, 7027305), (3108563, 4446183), (3110897, 5785339), (3124859, 5452024), (3126689, 341639), (3137049, 625355), (3138881, 3824824), (3139111, 9679104), (3142465, 7870497), (3143935, 719004), (3167816, 4706265), (3171732, 7771545), (3192308, 92599), (3192898, 7975465), (3194566, 2869911), (3204557, 3185485), (3204920, 2072250), (3207766, 9596741), (3214741, 7393082), (3222678, 5928423), (3225206, 7494071), (3237649, 5594205), (3244441, 1374334), (3249950, 5322883), (3276002, 9313179), (3295223, 1138896), (3300610, 6701308), (3316971, 5129743), (3323654, 1839763), (3324950, 8772860), (3329643, 1914672), (3341842, 1992921), (3342300, 6478832), (3378143, 7999864), (3381754, 5801082), (3389824, 635949), (3396119, 88942), (3398401, 9988412), (3404064, 849860), (3414630, 6770330), (3415770, 2256018), (3454380, 1546718), (3462295, 3779337), (3465068, 4651058), (3467504, 4600453), (3471679, 482314), (3473412, 1676168), (3473747, 38941), (3494214, 7624875), (3499207, 7933557), (3511589, 1662315), (3521856, 9826054), (3522738, 6150136), (3527625, 9345247), (3531959, 8713879), (3535324, 9051070), (3551636, 3919884), (3556658, 9448001), (3562822, 1370802), (3574062, 1238955), (3576000, 2438323), (3618946, 4593423), (3628307, 9138204), (3663141, 2187427), (3663416, 6438568), (3679682, 6415021), (3696373, 8292509), (3700847, 3875919), (3704000, 7055221), (3726165, 4303587), (3735230, 2769655), (3735464, 8020883), (3755642, 2303238), (3757259, 9303368), (3770371, 4523405), (3789600, 7627503), (3793391, 3894188), (3796536, 7375898), (3797982, 3486465), (3802391, 8134607), (3827427, 6144620), (3830661, 2299915), (3834823, 5049345), (3854128, 931508), (3855098, 5523838), (3862264, 1140564), (3885698, 6579023), (3894450, 5371139), (3895558, 836849), (3914680, 9828166), (3950211, 210151), (3950948, 3154636), (3956262, 9417188), (3956618, 2271510), (3957579, 7946758), (3963685, 5789727), (3964363, 3737470), (3972258, 6416365), (3980334, 3292699), (3986782, 3616668), (4000179, 33849), (4002911, 8426479), (4007336, 7683113), (4017977, 1297078), (4019005, 9218367), (4021539, 9382923), (4042624, 278929), (4056166, 960723), (4067762, 6951789), (4067875, 2722707), (4073679, 1250047), (4075796, 1374495), (4114618, 2318143), (4121996, 350354), (4124318, 4601681), (4128633, 7387095), (4164678, 7033731), (4165457, 8000344), (4168971, 3113966), (4184130, 7852802), (4191328, 3339621), (4196868, 4824332), (4198219, 2650565), (4200528, 8883063), (4204972, 3969602), (4215185, 272171), (4243656, 6294468), (4250715, 959414), (4265731, 1805344), (4282324, 730527), (4290049, 3149554), (4298224, 4128938), (4320492, 3251464), (4325350, 3853592), (4327328, 2607748), (4331043, 582394), (4334704, 1902763), (4348006, 9269469), (4350347, 5022716), (4351751, 9085037), (4356826, 7765753), (4389384, 3565567), (4397669, 7767853), (4416293, 9992138), (4430823, 7239396), (4440901, 4086903), (4453887, 2845554), (4455160, 6880939), (4473839, 4628128), (4476779, 5108287), (4477046, 7503028), (4480564, 8064451), (4483386, 8643091), (4502704, 95547), (4503468, 8670676), (4511438, 3282113), (4514454, 8833349), (4515468, 9910217), (4521191, 117082), (4549187, 4342607), (4580358, 4119181), (4604377, 7563125), (4620186, 5582718), (4629325, 7632407), (4639781, 6314068), (4654162, 422972), (4673611, 1241176), (4679811, 250209), (4681237, 7886015), (4681314, 9856913), (4684092, 4254633), (4703464, 2494923), (4728068, 9546170), (4737481, 9091586), (4749302, 6802130), (4764778, 620485), (4781344, 7399438), (4788936, 6064313), (4800566, 216482), (4810994, 9605603), (4817132, 6540044), (4825915, 1791506), (4848570, 4168365), (4852699, 954205), (4868648, 7285473), (4878259, 961488), (4879575, 4088472), (4892272, 7665473), (4900887, 8827793), (4916666, 3706332), (4932780, 2713767), (4935604, 9087986), (4935916, 3552578), (4950027, 5291966), (4950497, 8746024), (4958103, 1436600), (4973853, 3945741), (4985107, 524146), (4985915, 6364707), (4992747, 9833359), (5000992, 6182955), (5016169, 7516987), (5016680, 9930384), (5025636, 8297911), (5027156, 8728353), (5038725, 9856709), (5057523, 74224), (5064685, 8779054), (5067227, 7519912), (5073141, 3709049), (5074491, 999901), (5083175, 2946772), (5090590, 5868865), (5103302, 4316782), (5105827, 6582865), (5113770, 6057753), (5118083, 58090), (5131802, 955846), (5185185, 3831824), (5185739, 5384882), (5215407, 7322684), (5227696, 8568040), (5238389, 5355070), (5248331, 7030175), (5248523, 4315646), (5250486, 3419538), (5268161, 2697647), (5269558, 4085836), (5298995, 3698904), (5300260, 1142913), (5303426, 798262), (5306449, 504767), (5311011, 6258670), (5312045, 4565083), (5315013, 5844942), (5315155, 3154376), (5324070, 1303172), (5330807, 6526738), (5334219, 6527483), (5340911, 8563356), (5342799, 297949), (5343841, 72657), (5360350, 9735785), (5361430, 2855914), (5416859, 2167104), (5428777, 4393300), (5429585, 6400040), (5430581, 7392673), (5435106, 4402983), (5441940, 2795695), (5448453, 5739703), (5452351, 6562766), (5452705, 7276191), (5467246, 3090736), (5484294, 5958958), (5491297, 832719), (5495089, 8452326), (5496480, 7395590), (5505775, 973898), (5526521, 9703972), (5527335, 5210169), (5540031, 2555667), (5553744, 1514095), (5582252, 1284687), (5586736, 9197394), (5590158, 4051923), (5594463, 5871107), (5604182, 6914583), (5606052, 2831289), (5611460, 9272683), (5613404, 4874849), (5614143, 6409437), (5634865, 9037434), (5646894, 204142), (5658683, 8526621), (5662480, 7955554), (5665882, 5444618), (5673150, 9474265), (5690169, 9277654), (5701708, 1705027), (5711290, 1865595), (5712619, 6607311), (5720453, 3918896), (5725884, 7951674), (5739223, 6083629), (5753711, 9669015), (5766269, 2220156), (5796003, 6685465), (5826428, 8305270), (5832518, 5453360), (5835293, 917370), (5859616, 3952375), (5906135, 5980742), (5906799, 8655783), (5921855, 6395644), (5923608, 7627234), (5951657, 8856925), (5951888, 1627796), (5957320, 9916904), (5964816, 4125931), (5967121, 1675751), (5971380, 8199189), (5984072, 5719885), (5995673, 8666982), (6009019, 3605876), (6009943, 3303194), (6014345, 7291145), (6019655, 7326163), (6022985, 7698468), (6033054, 156902), (6035333, 5503705), (6036663, 3208432), (6036843, 1814996), (6040816, 4596461), (6056113, 985214), (6060511, 9931865), (6072151, 6058891), (6089530, 2618905), (6096632, 9252968), (6100659, 1157463), (6106303, 7577074), (6109049, 639822), (6110402, 5919661), (6114919, 2454091), (6130668, 5669248), (6134651, 1646156), (6138548, 1627798), (6142640, 1185568), (6155841, 1369416), (6164510, 1338140), (6169489, 6015147), (6178086, 8086498), (6179224, 3392341), (6195444, 6847204), (6200897, 694940), (6202184, 9226098), (6208685, 5195813), (6231900, 1429517), (6238279, 8438251), (6239727, 9777531), (6251141, 7511906), (6268011, 6302285), (6269438, 7038903), (6269850, 4342996), (6287678, 9946589), (6313308, 9724339), (6314982, 9216177), (6347597, 8254666), (6347815, 5773397), (6358290, 5958755), (6364741, 7576430), (6376633, 9611080), (6391512, 9270189), (6428720, 1315080), (6476320, 7333580), (6488494, 7990375), (6526982, 6723081), (6527512, 8029467), (6551275, 6042080), (6580030, 4778487), (6581252, 1753603), (6589672, 8952793), (6594526, 5403463), (6613781, 599729), (6625510, 898564), (6627392, 2466140), (6641937, 5131539), (6656345, 3407079), (6659636, 2823046), (6672572, 5574647), (6675259, 9826375), (6691363, 6326125), (6711873, 5474631), (6727866, 7439389), (6729684, 558620), (6746524, 376531), (6752727, 6513530), (6765626, 2671759), (6773774, 1057508), (6782958, 1078948), (6794227, 2536283), (6796443, 4109924), (6798504, 3074900), (6799088, 4474477), (6807328, 998085), (6815344, 3301946), (6824462, 7790926), (6829422, 4700992), (6835114, 5579672), (6845486, 5394968), (6865793, 6480791), (6890316, 3552687), (6894419, 9690591), (6894739, 9745223), (6907747, 8113970), (6922033, 7720611), (6947473, 482993), (6947553, 5042118), (6949698, 4819923), (6951723, 2813988), (6962118, 4253771), (6975792, 1335199), (6976007, 7229444), (7001637, 6602370), (7004710, 7854282), (7007892, 4301842), (7012877, 9814569), (7043782, 8298726), (7052747, 10784), (7061850, 8541847), (7070532, 8196226), (7078444, 9754695), (7104519, 7142309), (7110731, 8408740), (7113239, 5676988), (7122010, 594368), (7133362, 4895952), (7148923, 3554325), (7152850, 2240993), (7165007, 4280280), (7193984, 7617313), (7198776, 9641898), (7199536, 5185360), (7203662, 5917661), (7204030, 4760491), (7219435, 9460306), (7225787, 7565188), (7247887, 8559426), (7254746, 8574614), (7256088, 9076148), (7263039, 7897697), (7264777, 2330652), (7265759, 6569524), (7274015, 925559), (7280534, 1361732), (7294343, 6047093), (7298346, 4562438), (7301716, 2697513), (7303806, 941206), (7307317, 2964708), (7308003, 1555118), (7314940, 2448055), (7341033, 3725505), (7362952, 7938890), (7382661, 6464725), (7389786, 8677106), (7390819, 4162355), (7394095, 3161936), (7397912, 9198432), (7399676, 2521763), (7413431, 6830406), (7430105, 5115913), (7440909, 7059093), (7477721, 2018374), (7504103, 558348), (7514271, 2586939), (7517882, 5192078), (7534879, 1311860), (7541762, 5103870), (7543367, 7506999), (7555190, 550048), (7589337, 9972593), (7596690, 8207021), (7598745, 5217429), (7614542, 1654542), (7623447, 1113215), (7632420, 2448831), (7633089, 5709607), (7664456, 6079874), (7665027, 2924950), (7702670, 3406250), (7705816, 3954961), (7719085, 6236286), (7719133, 1563885), (7729533, 3805069), (7735261, 9072193), (7743055, 4640874), (7752494, 9578760), (7757354, 5780638), (7773934, 575162), (7789443, 1017323), (7803798, 1941384), (7804834, 2614816), (7811811, 9625041), (7820473, 1372149), (7821306, 2202581), (7831397, 3080057), (7834047, 7154484), (7845299, 2993170), (7846992, 3602519), (7851748, 6944262), (7853623, 5076918), (7858368, 3520488), (7891724, 2786590), (7894955, 1317156), (7924695, 5140013), (7938054, 244600), (7950985, 3451257), (7953562, 3300681), (7963909, 6105812), (7966131, 931507), (7971689, 1506274), (7993679, 8666424), (8085967, 6471418), (8089964, 899534), (8106957, 4364176), (8108741, 4254187), (8122763, 6816551), (8150397, 2955713), (8159292, 859023), (8231279, 5012610), (8235471, 780522), (8251961, 403243), (8307064, 2998686), (8310221, 6700734), (8310640, 7209499), (8345762, 181684), (8348314, 6579327), (8348801, 430047), (8351011, 1122203), (8359692, 5701953), (8367232, 5316055), (8371783, 6029288), (8373086, 6926202), (8380673, 4048718), (8403591, 797977), (8428347, 5646499), (8442911, 2834771), (8448207, 5474419), (8456155, 6406988), (8458206, 2042683), (8464452, 1828020), (8495256, 7900367), (8495723, 912419), (8537260, 2318551), (8549168, 5641695), (8551003, 8191389), (8559299, 8220779), (8560968, 6006648), (8564844, 1306735), (8565166, 6900938), (8580674, 7448536), (8586524, 3445808), (8595546, 4268777), (8620414, 9733676), (8620602, 189812), (8632010, 8880712), (8632287, 2222132), (8640040, 8289619), (8659160, 7759141), (8692986, 5663916), (8695361, 2512203), (8698214, 6144717), (8734142, 586003), (8764841, 5503393), (8774603, 4560649), (8784780, 7295492), (8791271, 9032216), (8792503, 8032575), (8801409, 4866604), (8805388, 1392103), (8813281, 2173165), (8815792, 378123), (8818534, 1687071), (8821400, 6614140), (8821470, 9543085), (8821799, 5911326), (8821993, 2124569), (8863298, 8654380), (8870949, 491034), (8879076, 3704281), (8879087, 5875751), (8886040, 8207992), (8889198, 236878), (8896297, 9136568), (8897572, 8709558), (8898750, 9840965), (8914301, 2323706), (8931196, 4486129), (8940770, 3364040), (8943150, 5680652), (8944464, 3493965), (8945032, 7937773), (8951230, 694883), (8960901, 6356265), (8963122, 4016198), (8965651, 7604028), (8970816, 1355078), (9002718, 1152102), (9034824, 6936297), (9046367, 8984082), (9049776, 190658), (9058033, 4788905), (9080662, 5464874), (9095016, 962556), (9115017, 892082), (9123750, 6764750), (9130640, 4026337), (9176078, 5831712), (9192855, 9027676), (9194078, 8399450), (9250276, 4477186), (9280066, 3250179), (9284858, 3524733), (9316026, 9883167), (9317214, 5448135), (9326114, 9449994), (9327793, 3457436), (9343357, 4932318), (9359618, 9720953), (9367000, 5119333), (9369825, 5377340), (9371604, 4060528), (9373942, 6907541), (9375856, 5912259), (9378883, 5768730), (9380233, 8332232), (9405090, 7627741), (9417475, 3130751), (9417796, 7974978), (9437096, 2708690), (9448439, 315210), (9455273, 8949067), (9481885, 5589305), (9484635, 281893), (9497324, 3232290), (9498799, 8658800), (9501534, 3982309), (9503761, 1301417), (9512581, 5010847), (9546993, 2792037), (9547350, 1873806), (9559379, 8097281), (9560052, 7006608), (9574188, 3807316), (9582293, 1485188), (9582607, 6460138), (9591679, 1457266), (9605430, 7148869), (9606356, 3429698), (9607285, 3892243), (9615472, 6255422), (9615695, 3282843), (9627449, 298659), (9656845, 6108821), (9662927, 3687783), (9680981, 1354620), (9688835, 9694858), (9692053, 6257505), (9700105, 9391794), (9702603, 2804065), (9705366, 4342221), (9723368, 3576355), (9728999, 9719175), (9729909, 5458630), (9770717, 2580546), (9808466, 5565872), (9812075, 539556), (9829670, 9077800), (9832158, 6094012), (9837368, 1781611), (9849383, 1293460), (9856144, 5637666), (9867895, 9539320), (9868935, 9479017), (9873857, 1059711), (9876159, 2932988), (9876722, 6059186), (9880045, 2278493), (9881919, 8480175), (9889000, 9700378), (9891497, 2388579), (9897008, 7916687), (9901400, 2143449), (9917828, 1501780), (9919293, 3979903), (9922074, 2835711), (9938123, 138674), (9946418, 1859620), (9954403, 4571296), (9978508, 4213197), (9983964, 820399)






