









6 10 -6 3 -1 -9 4 9 3 4 -6 5 0 -10 -4 3 -8 4 1 4 -5 8 0 -4 6 8 3 0 -8 -1 8 10 6 -8 6 1 5 -4 -1 10 -7 2 -5 -7 -8 -6 7 -9 -8 0 -10 8 7 -8 0 5 -5 -2 2 6 10 -7 6 -6 2 -3 1 2 9 -4 -9 -5 -7 7 -4 -1 6 10 5 -1 0 10 -3 4 -5 -5 -6 -6 -1 -8 -3 0 6 3 6 3 2 9 6 -4 10 10 2 7 3 -3 0 -6 9 6 -8 0 9 -1 -5 -1 3 -2 -7 9 -2 -8 0 -2 7 -1 9 7 1 5 1 -7 -4 10 -1 -8 -4 -7 -6 -5 -1 -1 3 -9 -4 -2 -4 3 -5 -5 -3 -3 8 2 6 -3 -3 6 10 1 -5 -7 -4 -2 6 5 10 -7 -1 -2 6 3 2 -10 -2 -10 7 -10 -8 -8 5 4 8 -6 7 9 -4 -10 -10 7 8 -7 0 -6 -3 -5 4 7 -7 -1 -2 10 -2 -4 7 -9 4 10 1 -2 9 -10 8 10 -5 3 7 4 4 7 3 -5 0 -7 -6 2 3 0 1 4 -3 -8 -5 -8 -8 -5 2 4 3 -10 3 5 -9 -8 4 5 -2 3 3 -10 -7 -2 3 0 -6 3 2 7 10 4 3 1 3 -5 -4 5 0 7 -2 4 2 -7 1 9 6 -2 4 -9 -2 -3 3 -8 10 1 4 1 -6 1 -8 -10 4 -9 -5 9 -4 8 -7 3 -2 -10 -5 -6 7 8 8 -2 6 -8 -10 6 2 -9 7 -2 10 -10 -4 -3 7 10 4 0 -10 -5 -6 7 -4 4 -1 -2 -5 10 -1 0 0 8 -10 -2 3 -10 7 1 3 6 10 8 8 -10 -3 -3 -8 7 10 6 -1 3 -3 -6 -9 6 9 10 9 -6 1 -8 -1 -2 -10 -4 -6 -4 4 -4 -2 10 0 3 -4 5 -10 3 -2 5 -10 -9 7 -3 -1 -2 -4 1 -9 9 7 9 1 -10 -5 -9 9 -1 -5 5 -7 -5 2 -1 2 5 5 0 8 -6 6 -9 -6 -4 3 3 8 8 -9 -4 10 -7 -5 4 8 10 10 -10 -6 -6 -4 0 -7 4 10 -8 0 -9 -2 -3 0 3 10 7 9 0 10 -8 1 -1 2 10 -6 10 1 -4 6 2 -1 -10 2 7 -7 4 -2 -9 -5 3 3 6 10 2 8 3 9 1 -10 9 2 10 5 3 9 10 -6 3 9 8 10 0 -4 5 6 -9 -4 -8 -6 8 -6 9 5 -3 2 1 -7 9 -10 -5 1 -6 7 8 10 -2 0 1 -8 -9 3 0 -9 -7 7 -3 5 5 -7 -8 3 -10 -8 2 9 -1 -3 0 -10 8 4 1 4 4 9 4 -5 5 -5 3 4 -10 -1 8 7 -4 2 -5 4 1 2 5 7 -6 2 4 -7 -6 -4 6 -6 0 4 2 7 7 6 -2 -3 5 -10 9 -8 -6 5 5 6 0 0 8 3 5 -10 -6 -9 3 -7 1 -1 9 -2 3 -7 1 -9 2 2 -9 0 -6 7 -2 1 4 0 -7 -8 -4 -4 2 10 -2 -7 -4 -7 3 10 9 -1 2 -2 -6 9 -3 6 -5 -1 0 0 -3 -2 -2 5 -4 6 10 2 4 -4 6 10 -7 0 -5 -9 6 -2 -3 -10 1 -8 0 1 9 0 1 10 0 3 10 9 -8 -6 9 5 -1 0 -6 10 1 4 10 -1 -9 6 -6 7 -10 3 0 10 -1 4 2 6 5 -6 4 10 -8 4 10 3 10 -3 10 4 -1 7 0 8 5 -2 7 7 -9 -3 -6 -10 -6 2 8 -1 3 -1 6 -10 -3 -5 0 7 -5 7 -4 -5 -8 9 -7 10 6 -6 -7 9 2 10 -2 -2 4 6 -1 9 3 3 0 6 4 9 -5 1 -7 -9 -6 3 8 3 -1 0 -3 -4 -2 -1 -9 0 9 1 -4 8 0 10 9 -8 0 -9 3 -1 5 -10 0 0 -5 -5 -2 10 0 5 -5 10 10 1 6 -10 -10 4 0 1 -10 5 -9 4 5 -9 5 -6 1 -8 1 -9 4 -5 -3 2 -1 1 -7 -6 -6 8 -7 -5 -9 3 -6 -1 -6 0 -3 -3 -5 8 7 -9 9 6 3 10 -3 7 0 -8 2 -2 10 -7 -8 9 -9 2 -4 4 1 -7 5 9 -1 -6 -4 -2 10 -1 -6 -4 10 1 3 0 2 6 4 -2 6 -7 0 6 9 -7 8 10 5 -7 -3 4 -5 -3 6 8 6 0 9 -3 -10 1 6 -10 -9 -10 0 -7 4 0 3 -1 2 -3 0 -4 4 -4 9 2 6 1 0 -3 2 -6 -3 3 9 5 7 -8 6 -2 -4 8 -7 3 3 -6 -7 -8 -10 1 -8 -8 -5 -8 5 -8 -10 3 -4 2 10 -7 -8 5 0 10 4 -9 3 2 0 2 7 0 -9 -7 -8 3 10 -2 -10 6 -7 2 2 -2 -7 -5 8 -6 9 9 8 -10 -9 4 -4 4 2 -1 -2 -9 5 4 -3 -5 -5 5 -2 8 4 3 -6 2 -3 -5 6 -9 1 9 -8 0 0 -8 -7 5 5 9 -2 3 -10 -6 -5 4 6 9 3 0 3 8 8 3 -7 6 -8 6 -5 0 9 6 -7 3 3 5 5 1 4 -8 -10 0 6 -4 -5 -10 8 -1 2 -1 -5 -9 -8 1 9 1 0 5 4 1 -7 -1 10 -3 -2 -4 -1 -10 -2 6 -9 6 8 6 -10 -2 4 -9 -8 6 -2 2 3 10 1 5 0 4 -3 -9 10 -3 6 4 1 -5 0 9 4 -6 -9 6 10 4 3 -5 4 6 -9 -9 0 3 -7 -4 6 9 -5 -2 6 -10 -3 6 -6 -9 -7 6 10 2 -7 10 10 1 -9 -3 7 -1 -5 6 4 1 -2 -7 6 -9 -10 4 -2 -5 4 0 0 -3 -3 8 -3 -4 -6 3 -10 8 10 -7 10 2 6 4 3 -1 -2 10 0 -10 4 3 4 -8 8 4 10 0 -6 -7 -2 -4 4 -5 -2 4 -6 2 8 -8 5 6 -9 9 -9 6 -3 2 -3 4 -6 -4 8 10 9 -5 1 -6 -1 3 10 8 10 -7 -5 -8 -10 -10 8 -6 -4 8 -10 -1 7 7 -6 -9 -6 -7 2 4 1 -7 3 4 -6 5 6 7 -4 0 -5 3 -2 -9 -9 9 9 -7 10 -9 6 -1 1 1 1 0 6 1 5 3 -7 6 -5 8 -1 -5 -4 -4 -1 7 -6 10 -3 8 10 -8 8 -7 1 10 9 3 -10 -5 -4 -8 -6 2 10 2 7 -6 -8 6 5 6 3 0 1 8 10 -4 -10 6 10 -6 4 4 -4 -7 -3 7 2 -3 -7 10 4 -9 -8 -3 3 7 -9 10 -7 5 -4 -5 5 7 5 -5 -1 0 7 -2 6 -4 6 8 -10 2 -5 1 0 5 -7 3 4 -1 -10 -9 6 -9 3 -7 -9 0 -4 4 -5 7 9 -2 -1 -8 -9 -8 3 3 7 -10 0 -6 5 9 -1 4 3 -10 -9 -3 -7 -2 -6 5 -5 5 -7 6 0 4 -6 7 7 -9 3 1 -10 -4 5 6 5 -10 3 -6 0 -10 -6 -1 5 -5 8 5 -7 3 -7 -8 -10 -10 7 -3 2 3 1 -2 -7 1 2 8 -9 -10 -2 -3 3 -5 5 7 2 -10 -8 3 -4 9 3 -4 -6 2 5 -9 2 8 -9 1 -8 -2 -2 -6 6 3 -8 3 -3 -7 5 1 10 7 3 -9 8 4 2 7 -6 -5 -9 -3 5 3 4 4 3 -8 -5 -7 -4 5 4 3 7 0 6 -3 8 0 -10 1 9 -9 -10 4 10 -3 5 7 -5 -5 -9 8 8 -4 2 -6 -4 -3 -3 10 8 -10 -5 -2 6 6 6 7 4 -10 -6 -9 10 -8 -10 -4 -4 -7 0 -9 0 4 -10 -9 2 9 10 -1 -1 9 -3 -5 3 -6 -6 6 -6 -6 5 2 5 -3 -9 -4 -5 -9 7 -10 8 -8 2 2 -10 5 -9 2 0 5 -9 -9 9 2 9 -6 10 -1 -3 10 -1 2 -4 -9 0 10 -9 -9 -9 1 6 -5 -5 9 10 10 4 -2 -8 10 -6 9 6 -10 5 -2 0 8 -9 -1 -10 6 -3 10 4 -1 9 -6 -8 -9 2 -1 -8 0 1 -10 -7 -2 7 -8 -8 10 0 8 3 -4 5 10 -7 10 8 -4 -5 -3 -6 4 -5 6 -5 3 -9 3 -7 5 -1 10 -1 -7 -6 -6 1 4 9 1 2 9 2 9 4 2 -1 -8 -5 -2 1 0 -9 10 8 -5 -6 -3 7 -7 -9 10 -5 -1 -5 -2 0 7 -5 9 -5 -3 -1 -7 -5 -7 -1 1 -5 6 1 3 0 9 1 9 -3 -4 0 -7 6 -8 6 1 -1 3 -1 2 10 -6 6 3 7 -5 -4 -1 -4 -5 6 -5 -7 6 -4 8 1 5 -4 6 2 4 9 6 4 9 -1 3 -6 -10 2 0 0 -7 5 9 -8 0 9 -2 -9 -8 -9 -1 -5 -7 10 9 -3 2 5 0 -7 4 -10 10 2 -5 3 8 4 5 -1 -6 -8 -4 -10 9 3 4 -2 4 1 9 8 6 10 -10 -7 6 -8 -5 7 2 -9 -1 6 6 6 9 6 1 4 9 5 5 -5 9 -9 -10 6 7 10 -8 -1 -9 6 -4 -6 -7 7 -2 -7 4 2 4 -5 1 2 8 9 7 0 -2 9 1 0 2 3 -4 4 -8 -3 2 -2 5 5 -8 3 2 -5 -4 -9 -4 7 9 -6 -5 -3 6 5 4 1 9 -8 2 -1 0 -1 2 3 0 1 8 10 -10 3 -7 8 2 6 -1 1 7 -7 -6 -5 6 7 3 -8 7 -3 6 0 -2 10 -4 1 2 -9 -2 0 2 -6 5 -3 -5 -5 -7 4 6 10 4 -2 1 -8 -8 -7 -5 -10 7 0 -1 2 2 1 -9 7 -6 8 4 -6 9 3 -10 -7 9 9 -10 -4 4 2 7 1 9 8 6 0 -4 -7 6 -9 10 2 0 -6 -6 9 -10 5 -8 -4 -1 -7 -6 -4 -5 4 -7 -10 1 -2 8 -3 -7 -9 7 5 5 -8 -3 8 -2 -8 1 10 5 -3 -10 2 0 10 -8 4 4 1 2 -9 0 4 0 7 -8 -3 8 -3 9 -2 6 3 10 -8 -3 9 9 7 -8 7 -3 -1 0 0 5 -3 -5 6 3 -4 -2 4 -5 -3 6 -3 -9 5 8 -1 1 -9 4 2 -1 4 4 4 8 -3 -2 3 -1 1 10 6 5 4 -6 7 -7 0 -9 -8 -2 -5 -6 -6 -3 0 2 -9 2 8 4 -5 6 -3 5 4 -2 1 -8 6 2 1 -7 9 3 -3 -7 1 5 2 3 -10 -8 9 -5 -7 2 8 4 -9 1 0 8 -1 7 8 -1 -5 8 8 5 8 1 -10 3 5 -10 -6 1 10 2 9 -9 1 4 -5 -1 -3 2 4 5 -2 8 -10 -3 -10 7 -9 -4 -10 -4 -3 5 5 2 -3 -1 5 5 -9 -1 -6 -8 -4 -7 -7 1 -3 -1 7 2 3 -10 3 -2 1 3 4 0 -1 0 0 -9 3 -10 1 0 7 6 -9 -9 2 9 -3 8 7 -3 -2 9 10 -7 0 -10 -6 7 9 -8 0 4 -6 -2 3 -8 -9 4 -4 1 -10 9 9 -5 -4 -4 6 -3 -8 -7 0 -2 -4 0 7 6 5 4 -9 -2 1 -2 1 3 6 8 9 7 1 3 -5 -10 -6 9 -1 -3 2 7 0 -6 -7 4 -5 -10 1 -7 -4 10 8 6 -5 -5 -7 2 10 -9 5 -1 -10 -8 -3 -4 -8 -6 -10 -5 4 -1 -7 -7 7 1 -6 2 0 6 9 -2 10 -6 -10 -6 -3 -10 -7 8 -8 -10 8 3 4 -2 -6 5 -4 -9 -9 -2 2 7 4 -4 6 10 -8 -8 -7 3 2 -2 7 9 -1 -4 1 4 10 -6 10 10 6 -5 7 -8 -3 6 6 -3 4 0 8 3 -3 -9 -10 -10 5 9 -10 -4 7 6 -4 -1 9 3 0 -4 -10 8 -5 7 3 3 1 0 -3 6 9 4 0 6 -10 -8 9 -3 -5 -6 0 -8 -9 10 -9 -5 10 -8 3 -1 -10 -5 6 -6 1 -9 10 5 10 -2 1 8 7 3 2 -5 4 6 -3 -4 10 5 -1 -6 -5 -10 -7 0 9 -2 0 7 3 -9 3 2 9 -4 -6 -8 -5 3 3 7 -8 4 -7 -10 -7 7 8 0 -9 -4 -5 -3 2 -7 -7 -1 -7 3 2 2 10 3 7 -8 -6 0 -8 6 10 -1 5 3 1 -2 5 4 0 8 3 5 -2 -2 4 -5 -4 -9 3 -4 4 1 -8 1 -7 -1 -7 4 0 -1 9 -5 9 2 7 -4 -6 2 6 6 -9 -10 -7 10 4 7 6 1 -2 -3 -6 5 -7 4 9 -1 -7 7 7 2 -8 -9 8 0 -9 -6 -2 8 -9 0 -10 2 -6 -9 4 -6 2 2 -7 5 10 1 7 0 8 -2 -7 -1 7 5 6 7 -1 4 -6 0 -3 -9 8 -10 3 -6 7 10 5 -1 -2 -1 -3 -2 1 -8 -8 -1 9 -6 -6 0 7 2 0 -7 10 2 -8 -10 2 9 -6 8 -5 -1 10 -3 3 -8 -5 9 -4 9 3 6 -9 -7 8 1 6 -2 7 -10 8 4 -7 -5 5 5 -2 2 -1 -8 4 5 -3 10 -9 3 0 10 -2 6 -3 6 -9 -8 4 -3 2 -1 2 -5 4 4 7 3 -1 5 8 -4 9 -4 6 4 -2 6 7 -9 10 -5 5 -9 6 7 2 -7 -10 -3 7 3 8 4 -5 6 6 -9 10 0 2 3 3 2 8 -8 2 6 4 4 -7 -8 -5 10 1 -5 -2 -1 3 -3 10 4 -9 -1 -5 -5 -9 3 2 3 -3 6 -8 -2 -2 -9 10 -10 -10 1 -4 5 -5 0 -7 -2 8 3 4 -6 9 9 -2 9 -2 10 -8 -5 -8 7 -5 -6 -10 -9 1 1 -7 -6 -8 2 -1 -2 -2 -5 -5 0 -2 5 0 0 4 -5 10 -8 8 9 5 -4 -3 -5 -2 1 8 3 10 8 3 10 -2 9 -6 9 3 -4 -4 -10 9 -5 1 -7 6 -6 8 1 8 -5 -6 6 -4 -1 -1 2 -1 5 -7 5 -7 -1 9 4 7 -2 -5 3 3 -9 -8 10 -9 -8 5 3 2 6 -7 6 1 2 4 -5 2 -8 8 -3 -5 -8 -5 10 8 -2 -6 8 -9 8 -2 -3 3 -3 8 7 1 2 -3 4 4 5 -2 -1 1 6 1 -5 0 3 -3 9 9 4 -7 -7 -10 8 -2 5 10 3 3 8 1 -9 4 4 -4 7 -2 -6 3 8 0 -9 5 1 -1 -8 -3 1 -4 -6 8 -5 -6 -3 9 -4 -5 -4 -6 -10 7 -3 -6 -7 2 9 -6 7 4 5 -1 0 2 -1 -7 4 4 10 6 -8 1 0 -1 7 -9 5 -5 2 1 -3 9 -9 -6 8 -10 7 -6 -8 -4 -7 -4 -8 1 4 -7 7 -2 -1 9 4 -9 -5 9 1 2 5 -5 0 2 -7 -4 6 9 -8 9 -1 3 3 6 -2 -10 7 1 -8 0 -8 8 0 0 0 4 -3 8 5 -7 5 2 8 -2 -10 3 1 -2 2 5 -10 7 5 -8 4 -3 9 5 6 1 -4 -6 1 -4 -8 1 4 4 7 -4 -8 -9 7 -6 -7 6 0 -7 7 8 0 5 7 7 9 -10 4 -7 -1 1 -5 -10 -6 9 -9 2 1 2 6 -4 -6 4 -2 -9 -2 -7 -5 -10 4 6 -4 6 4 -2 8 2 -2 0 2 -6 10 -3 -7 2 8 -4 9 0 -5 -8 -5 -4 5 -9 7 -1 -10 1 -4 -8 10 5 -1 9 4 -1 -7 -2 -10 -6 -6 -7 2 -8 10 -7 -8 -2 1 1 5 -1 9 -3 -6 -9 2 10 -4 5 1 1 -1 7 5 10 4 6 -7 -1 2 10 -2 -3 2 -10 3 -7 9 -9 -2 1 -7 2 -9 9 10 -2 1 9 5 2 -7 -5 -3 -7 10 -8 -10 -8 2 7 -9 -2 10 -4 5 4 4 1 1 -2 5 8 8 10 -10 -7 -4 -4 9 8 2 3 -6 10 -7 2 3 -4 -8 -5 -8 -7 0 2 9 3 5 -2 7 2 -7 3 3 -1 -2 -10 -3 6 -8 10 7 -9 -6 2 10 4 -1 7 -3 -5 -2 8 5 -1 8 -5 -10 10 4 5 7 -6 -2 -7 5 9 7 8 -5 -5 7 -9 -4 -1 6 -10 -8 7 -6 7 -10 -5 -2 7 -7 -8 -4 6 -5 -2 0 -5 1 -2 -4 9 -2 10 8 7 6 3 10 7 0 -6 -3 8 -7 7 3 -10 -6 7 -10 4 -4 4 5 4 6 6 9 -3 -8 7 2 0 6 -5 7 6 9 5 2 8 1 -1 10 3 -3 -1 -10 -10 -8 5 1 6 6 -3 -8 -3 10 -5 -9 7 8 -10 -3 4 1 7 -7 8 -5 -4 3 -8 7 2 10 -2 -6 4 4 3 -10 -3 -9 4 -4 -7 -9 -7 -3 -9 -7 4 -4 -10 -6 6 -3 -8 2 -4 -1 9 0 6 8 3 5 2 1 -6 2 9 0 -3 1 0 5 6 9 9 2 -7 0 8 3 -3 -8 -8 9 -1 -3 -7 7 -7 1 -6 -2 2 -2 -3 4 5 8 -2 4 -4 -4 8 8 -7 7 -4 -8 -9 5 -2 3 4 0 -5 -8 6 -7 -9 -9 -5 -2 6 7 -2 9 -4 -3 8 1 -6 -7 -4 6 0 0 -1 -6 -8 7 -3 9 10 -1 4 2 1 8 -3 -6 -8 -7 -7 -10 -7 3 -7 6 3 -5 6 0 -6 2 7 -10 -6 2 -1 3 -9 -9 6 -5 -10 1 2 1 -6 -10 1 -7 -2 8 2 -3 0 -1 5 6 -6 0 6 3 9 3 -2 2 6 2 -5 -6 8 0 6 6 0 8 -3 1 1 -3 -6 3 -6 -1 -2 -3 -8 4 -1 10 5 2 0 0 0 2 -10 -3 5 2 6 -6 -10 9 6 -9 5 -2 7 -10 4 -9 6 -2 -5 -4 -7 -10 3 2 4 -2 1 -7 10 -3 -5 -1 -8 -8 -8 -8 9 -2 -4 -6 5 -3 4 6 7 7 -1 -4 0 8 -6 3 -9 -8 -4 6 -2 8 -5 -9 -7 5 4 -10 4 -10 -2 4 -3 9 -2 -10 8 6 -8 1 -3 1 -1 7 8 4 1 7 -4 3 9 -3 10 -7 -7 -6 7 -3 7 9 -7 -4 1 4 6 9 -7 -4 -1 1 -7 10 2 -2 -3 -2 -10 3 10 -5 -2 -4 -6 7 3 -7 1 -3 0 -10 0 9 5 -10 2 -2 3 -9 -8 -10 -10 3 10 4 -1 1 -9 0 -10 -2 9 2 10 -5 -3 -2 6 10 -10 -1 -9 9 3 -7 1 -8 -3 1 2 -5 -4 7 -5 6 2 -9 -2 -4 -1 5 2 -1 6 -2 10 -4 -5 -2 0 -7 -6 4 -8 9 10 0 -7 0 5 -4 6 4 -7 -8 -5 6 3 8 5 -1 9 9 0 -5 5 2 -3 -10 -10 -2 -9 1 7 10 -4 -10 10 -5 6 1 -2 0 -2 -4 5 7 -3 -5 -5 -5 6 5 9 1 -4 -4 2 7 -8 4 10 -7 -10 2 -3 -5 -8 -7 -9 0 -7 4 0 -9 -4 -8 -10 -1 -7 -5 -9 -3 0 0 0 -7 -6 -4 0 -1 -6 -10 -7



-6 -10 6 -3 1 9 -4 -9 -3 -4 6 -5 0 10 4 -3 8 -4 -1 -4 5 -8 0 4 -6 -8 -3 0 8 1 -8 -10 -6 8 -6 -1 -5 4 1 -10 7 -2 5 7 8 6 -7 9 8 0 10 -8 -7 8 0 -5 5 2 -2 -6 -10 7 -6 6 -2 3 -1 -2 -9 4 9 5 7 -7 4 1 -6 -10 -5 1 0 -10 3 -4 5 5 6 6 1 8 3 0 -6 -3 -6 -3 -2 -9 -6 4 -10 -10 -2 -7 -3 3 0 6 -9 -6 8 0 -9 1 5 1 -3 2 7 -9 2 8 0 2 -7 1 -9 -7 -1 -5 -1 7 4 -10 1 8 4 7 6 5 1 1 -3 9 4 2 4 -3 5 5 3 3 -8 -2 -6 3 3 -6 -10 -1 5 7 4 2 -6 -5 -10 7 1 2 -6 -3 -2 10 2 10 -7 10 8 8 -5 -4 -8 6 -7 -9 4 10 10 -7 -8 7 0 6 3 5 -4 -7 7 1 2 -10 2 4 -7 9 -4 -10 -1 2 -9 10 -8 -10 5 -3 -7 -4 -4 -7 -3 5 0 7 6 -2 -3 0 -1 -4 3 8 5 8 8 5 -2 -4 -3 10 -3 -5 9 8 -4 -5 2 -3 -3 10 7 2 -3 0 6 -3 -2 -7 -10 -4 -3 -1 -3 5 4 -5 0 -7 2 -4 -2 7 -1 -9 -6 2 -4 9 2 3 -3 8 -10 -1 -4 -1 6 -1 8 10 -4 9 5 -9 4 -8 7 -3 2 10 5 6 -7 -8 -8 2 -6 8 10 -6 -2 9 -7 2 -10 10 4 3 -7 -10 -4 0 10 5 6 -7 4 -4 1 2 5 -10 1 0 0 -8 10 2 -3 10 -7 -1 -3 -6 -10 -8 -8 10 3 3 8 -7 -10 -6 1 -3 3 6 9 -6 -9 -10 -9 6 -1 8 1 2 10 4 6 4 -4 4 2 -10 0 -3 4 -5 10 -3 2 -5 10 9 -7 3 1 2 4 -1 9 -9 -7 -9 -1 10 5 9 -9 1 5 -5 7 5 -2 1 -2 -5 -5 0 -8 6 -6 9 6 4 -3 -3 -8 -8 9 4 -10 7 5 -4 -8 -10 -10 10 6 6 4 0 7 -4 -10 8 0 9 2 3 0 -3 -10 -7 -9 0 -10 8 -1 1 -2 -10 6 -10 -1 4 -6 -2 1 10 -2 -7 7 -4 2 9 5 -3 -3 -6 -10 -2 -8 -3 -9 -1 10 -9 -2 -10 -5 -3 -9 -10 6 -3 -9 -8 -10 0 4 -5 -6 9 4 8 6 -8 6 -9 -5 3 -2 -1 7 -9 10 5 -1 6 -7 -8 -10 2 0 -1 8 9 -3 0 9 7 -7 3 -5 -5 7 8 -3 10 8 -2 -9 1 3 0 10 -8 -4 -1 -4 -4 -9 -4 5 -5 5 -3 -4 10 1 -8 -7 4 -2 5 -4 -1 -2 -5 -7 6 -2 -4 7 6 4 -6 6 0 -4 -2 -7 -7 -6 2 3 -5 10 -9 8 6 -5 -5 -6 0 0 -8 -3 -5 10 6 9 -3 7 -1 1 -9 2 -3 7 -1 9 -2 -2 9 0 6 -7 2 -1 -4 0 7 8 4 4 -2 -10 2 7 4 7 -3 -10 -9 1 -2 2 6 -9 3 -6 5 1 0 0 3 2 2 -5 4 -6 -10 -2 -4 4 -6 -10 7 0 5 9 -6 2 3 10 -1 8 0 -1 -9 0 -1 -10 0 -3 -10 -9 8 6 -9 -5 1 0 6 -10 -1 -4 -10 1 9 -6 6 -7 10 -3 0 -10 1 -4 -2 -6 -5 6 -4 -10 8 -4 -10 -3 -10 3 -10 -4 1 -7 0 -8 -5 2 -7 -7 9 3 6 10 6 -2 -8 1 -3 1 -6 10 3 5 0 -7 5 -7 4 5 8 -9 7 -10 -6 6 7 -9 -2 -10 2 2 -4 -6 1 -9 -3 -3 0 -6 -4 -9 5 -1 7 9 6 -3 -8 -3 1 0 3 4 2 1 9 0 -9 -1 4 -8 0 -10 -9 8 0 9 -3 1 -5 10 0 0 5 5 2 -10 0 -5 5 -10 -10 -1 -6 10 10 -4 0 -1 10 -5 9 -4 -5 9 -5 6 -1 8 -1 9 -4 5 3 -2 1 -1 7 6 6 -8 7 5 9 -3 6 1 6 0 3 3 5 -8 -7 9 -9 -6 -3 -10 3 -7 0 8 -2 2 -10 7 8 -9 9 -2 4 -4 -1 7 -5 -9 1 6 4 2 -10 1 6 4 -10 -1 -3 0 -2 -6 -4 2 -6 7 0 -6 -9 7 -8 -10 -5 7 3 -4 5 3 -6 -8 -6 0 -9 3 10 -1 -6 10 9 10 0 7 -4 0 -3 1 -2 3 0 4 -4 4 -9 -2 -6 -1 0 3 -2 6 3 -3 -9 -5 -7 8 -6 2 4 -8 7 -3 -3 6 7 8 10 -1 8 8 5 8 -5 8 10 -3 4 -2 -10 7 8 -5 0 -10 -4 9 -3 -2 0 -2 -7 0 9 7 8 -3 -10 2 10 -6 7 -2 -2 2 7 5 -8 6 -9 -9 -8 10 9 -4 4 -4 -2 1 2 9 -5 -4 3 5 5 -5 2 -8 -4 -3 6 -2 3 5 -6 9 -1 -9 8 0 0 8 7 -5 -5 -9 2 -3 10 6 5 -4 -6 -9 -3 0 -3 -8 -8 -3 7 -6 8 -6 5 0 -9 -6 7 -3 -3 -5 -5 -1 -4 8 10 0 -6 4 5 10 -8 1 -2 1 5 9 8 -1 -9 -1 0 -5 -4 -1 7 1 -10 3 2 4 1 10 2 -6 9 -6 -8 -6 10 2 -4 9 8 -6 2 -2 -3 -10 -1 -5 0 -4 3 9 -10 3 -6 -4 -1 5 0 -9 -4 6 9 -6 -10 -4 -3 5 -4 -6 9 9 0 -3 7 4 -6 -9 5 2 -6 10 3 -6 6 9 7 -6 -10 -2 7 -10 -10 -1 9 3 -7 1 5 -6 -4 -1 2 7 -6 9 10 -4 2 5 -4 0 0 3 3 -8 3 4 6 -3 10 -8 -10 7 -10 -2 -6 -4 -3 1 2 -10 0 10 -4 -3 -4 8 -8 -4 -10 0 6 7 2 4 -4 5 2 -4 6 -2 -8 8 -5 -6 9 -9 9 -6 3 -2 3 -4 6 4 -8 -10 -9 5 -1 6 1 -3 -10 -8 -10 7 5 8 10 10 -8 6 4 -8 10 1 -7 -7 6 9 6 7 -2 -4 -1 7 -3 -4 6 -5 -6 -7 4 0 5 -3 2 9 9 -9 -9 7 -10 9 -6 1 -1 -1 -1 0 -6 -1 -5 -3 7 -6 5 -8 1 5 4 4 1 -7 6 -10 3 -8 -10 8 -8 7 -1 -10 -9 -3 10 5 4 8 6 -2 -10 -2 -7 6 8 -6 -5 -6 -3 0 -1 -8 -10 4 10 -6 -10 6 -4 -4 4 7 3 -7 -2 3 7 -10 -4 9 8 3 -3 -7 9 -10 7 -5 4 5 -5 -7 -5 5 1 0 -7 2 -6 4 -6 -8 10 -2 5 -1 0 -5 7 -3 -4 1 10 9 -6 9 -3 7 9 0 4 -4 5 -7 -9 2 1 8 9 8 -3 -3 -7 10 0 6 -5 -9 1 -4 -3 10 9 3 7 2 6 -5 5 -5 7 -6 0 -4 6 -7 -7 9 -3 -1 10 4 -5 -6 -5 10 -3 6 0 10 6 1 -5 5 -8 -5 7 -3 7 8 10 10 -7 3 -2 -3 -1 2 7 -1 -2 -8 9 10 2 3 -3 5 -5 -7 -2 10 8 -3 4 -9 -3 4 6 -2 -5 9 -2 -8 9 -1 8 2 2 6 -6 -3 8 -3 3 7 -5 -1 -10 -7 -3 9 -8 -4 -2 -7 6 5 9 3 -5 -3 -4 -4 -3 8 5 7 4 -5 -4 -3 -7 0 -6 3 -8 0 10 -1 -9 9 10 -4 -10 3 -5 -7 5 5 9 -8 -8 4 -2 6 4 3 3 -10 -8 10 5 2 -6 -6 -6 -7 -4 10 6 9 -10 8 10 4 4 7 0 9 0 -4 10 9 -2 -9 -10 1 1 -9 3 5 -3 6 6 -6 6 6 -5 -2 -5 3 9 4 5 9 -7 10 -8 8 -2 -2 10 -5 9 -2 0 -5 9 9 -9 -2 -9 6 -10 1 3 -10 1 -2 4 9 0 -10 9 9 9 -1 -6 5 5 -9 -10 -10 -4 2 8 -10 6 -9 -6 10 -5 2 0 -8 9 1 10 -6 3 -10 -4 1 -9 6 8 9 -2 1 8 0 -1 10 7 2 -7 8 8 -10 0 -8 -3 4 -5 -10 7 -10 -8 4 5 3 6 -4 5 -6 5 -3 9 -3 7 -5 1 -10 1 7 6 6 -1 -4 -9 -1 -2 -9 -2 -9 -4 -2 1 8 5 2 -1 0 9 -10 -8 5 6 3 -7 7 9 -10 5 1 5 2 0 -7 5 -9 5 3 1 7 5 7 1 -1 5 -6 -1 -3 0 -9 -1 -9 3 4 0 7 -6 8 -6 -1 1 -3 1 -2 -10 6 -6 -3 -7 5 4 1 4 5 -6 5 7 -6 4 -8 -1 -5 4 -6 -2 -4 -9 -6 -4 -9 1 -3 6 10 -2 0 0 7 -5 -9 8 0 -9 2 9 8 9 1 5 7 -10 -9 3 -2 -5 0 7 -4 10 -10 -2 5 -3 -8 -4 -5 1 6 8 4 10 -9 -3 -4 2 -4 -1 -9 -8 -6 -10 10 7 -6 8 5 -7 -2 9 1 -6 -6 -6 -9 -6 -1 -4 -9 -5 -5 5 -9 9 10 -6 -7 -10 8 1 9 -6 4 6 7 -7 2 7 -4 -2 -4 5 -1 -2 -8 -9 -7 0 2 -9 -1 0 -2 -3 4 -4 8 3 -2 2 -5 -5 8 -3 -2 5 4 9 4 -7 -9 6 5 3 -6 -5 -4 -1 -9 8 -2 1 0 1 -2 -3 0 -1 -8 -10 10 -3 7 -8 -2 -6 1 -1 -7 7 6 5 -6 -7 -3 8 -7 3 -6 0 2 -10 4 -1 -2 9 2 0 -2 6 -5 3 5 5 7 -4 -6 -10 -4 2 -1 8 8 7 5 10 -7 0 1 -2 -2 -1 9 -7 6 -8 -4 6 -9 -3 10 7 -9 -9 10 4 -4 -2 -7 -1 -9 -8 -6 0 4 7 -6 9 -10 -2 0 6 6 -9 10 -5 8 4 1 7 6 4 5 -4 7 10 -1 2 -8 3 7 9 -7 -5 -5 8 3 -8 2 8 -1 -10 -5 3 10 -2 0 -10 8 -4 -4 -1 -2 9 0 -4 0 -7 8 3 -8 3 -9 2 -6 -3 -10 8 3 -9 -9 -7 8 -7 3 1 0 0 -5 3 5 -6 -3 4 2 -4 5 3 -6 3 9 -5 -8 1 -1 9 -4 -2 1 -4 -4 -4 -8 3 2 -3 1 -1 -10 -6 -5 -4 6 -7 7 0 9 8 2 5 6 6 3 0 -2 9 -2 -8 -4 5 -6 3 -5 -4 2 -1 8 -6 -2 -1 7 -9 -3 3 7 -1 -5 -2 -3 10 8 -9 5 7 -2 -8 -4 9 -1 0 -8 1 -7 -8 1 5 -8 -8 -5 -8 -1 10 -3 -5 10 6 -1 -10 -2 -9 9 -1 -4 5 1 3 -2 -4 -5 2 -8 10 3 10 -7 9 4 10 4 3 -5 -5 -2 3 1 -5 -5 9 1 6 8 4 7 7 -1 3 1 -7 -2 -3 10 -3 2 -1 -3 -4 0 1 0 0 9 -3 10 -1 0 -7 -6 9 9 -2 -9 3 -8 -7 3 2 -9 -10 7 0 10 6 -7 -9 8 0 -4 6 2 -3 8 9 -4 4 -1 10 -9 -9 5 4 4 -6 3 8 7 0 2 4 0 -7 -6 -5 -4 9 2 -1 2 -1 -3 -6 -8 -9 -7 -1 -3 5 10 6 -9 1 3 -2 -7 0 6 7 -4 5 10 -1 7 4 -10 -8 -6 5 5 7 -2 -10 9 -5 1 10 8 3 4 8 6 10 5 -4 1 7 7 -7 -1 6 -2 0 -6 -9 2 -10 6 10 6 3 10 7 -8 8 10 -8 -3 -4 2 6 -5 4 9 9 2 -2 -7 -4 4 -6 -10 8 8 7 -3 -2 2 -7 -9 1 4 -1 -4 -10 6 -10 -10 -6 5 -7 8 3 -6 -6 3 -4 0 -8 -3 3 9 10 10 -5 -9 10 4 -7 -6 4 1 -9 -3 0 4 10 -8 5 -7 -3 -3 -1 0 3 -6 -9 -4 0 -6 10 8 -9 3 5 6 0 8 9 -10 9 5 -10 8 -3 1 10 5 -6 6 -1 9 -10 -5 -10 2 -1 -8 -7 -3 -2 5 -4 -6 3 4 -10 -5 1 6 5 10 7 0 -9 2 0 -7 -3 9 -3 -2 -9 4 6 8 5 -3 -3 -7 8 -4 7 10 7 -7 -8 0 9 4 5 3 -2 7 7 1 7 -3 -2 -2 -10 -3 -7 8 6 0 8 -6 -10 1 -5 -3 -1 2 -5 -4 0 -8 -3 -5 2 2 -4 5 4 9 -3 4 -4 -1 8 -1 7 1 7 -4 0 1 -9 5 -9 -2 -7 4 6 -2 -6 -6 9 10 7 -10 -4 -7 -6 -1 2 3 6 -5 7 -4 -9 1 7 -7 -7 -2 8 9 -8 0 9 6 2 -8 9 0 10 -2 6 9 -4 6 -2 -2 7 -5 -10 -1 -7 0 -8 2 7 1 -7 -5 -6 -7 1 -4 6 0 3 9 -8 10 -3 6 -7 -10 -5 1 2 1 3 2 -1 8 8 1 -9 6 6 0 -7 -2 0 7 -10 -2 8 10 -2 -9 6 -8 5 1 -10 3 -3 8 5 -9 4 -9 -3 -6 9 7 -8 -1 -6 2 -7 10 -8 -4 7 5 -5 -5 2 -2 1 8 -4 -5 3 -10 9 -3 0 -10 2 -6 3 -6 9 8 -4 3 -2 1 -2 5 -4 -4 -7 -3 1 -5 -8 4 -9 4 -6 -4 2 -6 -7 9 -10 5 -5 9 -6 -7 -2 7 10 3 -7 -3 -8 -4 5 -6 -6 9 -10 0 -2 -3 -3 -2 -8 8 -2 -6 -4 -4 7 8 5 -10 -1 5 2 1 -3 3 -10 -4 9 1 5 5 9 -3 -2 -3 3 -6 8 2 2 9 -10 10 10 -1 4 -5 5 0 7 2 -8 -3 -4 6 -9 -9 2 -9 2 -10 8 5 8 -7 5 6 10 9 -1 -1 7 6 8 -2 1 2 2 5 5 0 2 -5 0 0 -4 5 -10 8 -8 -9 -5 4 3 5 2 -1 -8 -3 -10 -8 -3 -10 2 -9 6 -9 -3 4 4 10 -9 5 -1 7 -6 6 -8 -1 -8 5 6 -6 4 1 1 -2 1 -5 7 -5 7 1 -9 -4 -7 2 5 -3 -3 9 8 -10 9 8 -5 -3 -2 -6 7 -6 -1 -2 -4 5 -2 8 -8 3 5 8 5 -10 -8 2 6 -8 9 -8 2 3 -3 3 -8 -7 -1 -2 3 -4 -4 -5 2 1 -1 -6 -1 5 0 -3 3 -9 -9 -4 7 7 10 -8 2 -5 -10 -3 -3 -8 -1 9 -4 -4 4 -7 2 6 -3 -8 0 9 -5 -1 1 8 3 -1 4 6 -8 5 6 3 -9 4 5 4 6 10 -7 3 6 7 -2 -9 6 -7 -4 -5 1 0 -2 1 7 -4 -4 -10 -6 8 -1 0 1 -7 9 -5 5 -2 -1 3 -9 9 6 -8 10 -7 6 8 4 7 4 8 -1 -4 7 -7 2 1 -9 -4 9 5 -9 -1 -2 -5 5 0 -2 7 4 -6 -9 8 -9 1 -3 -3 -6 2 10 -7 -1 8 0 8 -8 0 0 0 -4 3 -8 -5 7 -5 -2 -8 2 10 -3 -1 2 -2 -5 10 -7 -5 8 -4 3 -9 -5 -6 -1 4 6 -1 4 8 -1 -4 -4 -7 4 8 9 -7 6 7 -6 0 7 -7 -8 0 -5 -7 -7 -9 10 -4 7 1 -1 5 10 6 -9 9 -2 -1 -2 -6 4 6 -4 2 9 2 7 5 10 -4 -6 4 -6 -4 2 -8 -2 2 0 -2 6 -10 3 7 -2 -8 4 -9 0 5 8 5 4 -5 9 -7 1 10 -1 4 8 -10 -5 1 -9 -4 1 7 2 10 6 6 7 -2 8 -10 7 8 2 -1 -1 -5 1 -9 3 6 9 -2 -10 4 -5 -1 -1 1 -7 -5 -10 -4 -6 7 1 -2 -10 2 3 -2 10 -3 7 -9 9 2 -1 7 -2 9 -9 -10 2 -1 -9 -5 -2 7 5 3 7 -10 8 10 8 -2 -7 9 2 -10 4 -5 -4 -4 -1 -1 2 -5 -8 -8 -10 10 7 4 4 -9 -8 -2 -3 6 -10 7 -2 -3 4 8 5 8 7 0 -2 -9 -3 -5 2 -7 -2 7 -3 -3 1 2 10 3 -6 8 -10 -7 9 6 -2 -10 -4 1 -7 3 5 2 -8 -5 1 -8 5 10 -10 -4 -5 -7 6 2 7 -5 -9 -7 -8 5 5 -7 9 4 1 -6 10 8 -7 6 -7 10 5 2 -7 7 8 4 -6 5 2 0 5 -1 2 4 -9 2 -10 -8 -7 -6 -3 -10 -7 0 6 3 -8 7 -7 -3 10 6 -7 10 -4 4 -4 -5 -4 -6 -6 -9 3 8 -7 -2 0 -6 5 -7 -6 -9 -5 -2 -8 -1 1 -10 -3 3 1 10 10 8 -5 -1 -6 -6 3 8 3 -10 5 9 -7 -8 10 3 -4 -1 -7 7 -8 5 4 -3 8 -7 -2 -10 2 6 -4 -4 -3 10 3 9 -4 4 7 9 7 3 9 7 -4 4 10 6 -6 3 8 -2 4 1 -9 0 -6 -8 -3 -5 -2 -1 6 -2 -9 0 3 -1 0 -5 -6 -9 -9 -2 7 0 -8 -3 3 8 8 -9 1 3 7 -7 7 -1 6 2 -2 2 3 -4 -5 -8 2 -4 4 4 -8 -8 7 -7 4 8 9 -5 2 -3 -4 0 5 8 -6 7 9 9 5 2 -6 -7 2 -9 4 3 -8 -1 6 7 4 -6 0 0 1 6 8 -7 3 -9 -10 1 -4 -2 -1 -8 3 6 8 7 7 10 7 -3 7 -6 -3 5 -6 0 6 -2 -7 10 6 -2 1 -3 9 9 -6 5 10 -1 -2 -1 6 10 -1 7 2 -8 -2 3 0 1 -5 -6 6 0 -6 -3 -9 -3 2 -2 -6 -2 5 6 -8 0 -6 -6 0 -8 3 -1 -1 3 6 -3 6 1 2 3 8 -4 1 -10 -5 -2 0 0 0 -2 10 3 -5 -2 -6 6 10 -9 -6 9 -5 2 -7 10 -4 9 -6 2 5 4 7 10 -3 -2 -4 2 -1 7 -10 3 5 1 8 8 8 8 -9 2 4 6 -5 3 -4 -6 -7 -7 1 4 0 -8 6 -3 9 8 4 -6 2 -8 5 9 7 -5 -4 10 -4 10 2 -4 3 -9 2 10 -8 -6 8 -1 3 -1 1 -7 -8 -4 -1 -7 4 -3 -9 3 -10 7 7 6 -7 3 -7 -9 7 4 -1 -4 -6 -9 7 4 1 -1 7 -10 -2 2 3 2 10 -3 -10 5 2 4 6 -7 -3 7 -1 3 0 10 0 -9 -5 10 -2 2 -3 9 8 10 10 -3 -10 -4 1 -1 9 0 10 2 -9 -2 -10 5 3 2 -6 -10 10 1 9 -9 -3 7 -1 8 3 -1 -2 5 4 -7 5 -6 -2 9 2 4 1 -5 -2 1 -6 2 -10 4 5 2 0 7 6 -4 8 -9 -10 0 7 0 -5 4 -6 -4 7 8 5 -6 -3 -8 -5 1 -9 -9 0 5 -5 -2 3 10 10 2 9 -1 -7 -10 4 10 -10 5 -6 -1 2 0 2 4 -5 -7 3 5 5 5 -6 -5 -9 -1 4 4 -2 -7 8 -4 -10 7 10 -2 3 5 8 7 9 0 7 -4 0 9 4 8 10 1 7 5 9 3 0 0 0 7 6 4 0 1 6 10 7











(9, 20), (21, 40), (53, 45), (55, 82), (82, 128), (120, 137), (186, 167), (200, 192), (224, 198), (258, 328), (271, 331), (272, 239), (303, 239), (380, 329), (421, 388), (424, 458), (426, 458), (455, 420), (479, 452), (514, 497), (516, 534), (615, 631), (660, 648), (672, 648), (691, 739), (720, 682), (734, 690), (796, 818), (828, 810), (852, 843), (862, 871), (868, 856), (908, 940), (913, 974), (954, 979), (984, 1005), (1014, 1010), (1021, 1039), (1032, 1039), (1055, 1075), (1107, 1145), (1110, 1091), (1201, 1167), (1217, 1288), (1232, 1188), (1246, 1211), (1254, 1211), (1280, 1411), (1287, 1411), (1317, 1441), (1350, 1227), (1362, 1227), (1384, 1506), (1464, 1606), (1490, 1638), (1536, 1671), (1559, 1416), (1636, 1771), (1668, 1536), (1681, 1854), (1728, 1608), (1772, 2005), (1779, 2012), (1796, 1656), (1797, 1656), (1868, 2124), (1895, 2169), (1962, 1722), (1983, 2237), (1994, 2241), (2186, 2460), (2189, 2460), (2279, 2544), (2282, 2074), (2297, 2544), (2464, 2193), (2481, 2674), (2507, 2253), (2516, 2253), (2531, 2267), (2548, 2734), (2619, 2832), (2651, 2443), (2658, 2873), (2683, 2879), (2750, 2968), (2771, 2562), (2805, 3025), (2823, 2589), (2879, 2689), (2916, 3113), (2941, 2732), (2946, 2735), (2969, 3203), (2972, 2755), (2999, 3237), (3013, 3249), (3057, 2838), (3085, 3324), (3142, 2927), (3144, 3370), (3166, 2940), (3171, 3391), (3203, 2974), (3212, 3446), (3228, 3482), (3234, 2997), (3254, 3505), (3275, 3526), (3277, 3526), (3324, 3612), (3377, 3165), (3386, 3681), (3389, 3681), (3411, 3182), (3433, 3194), (3438, 3194), (3477, 3725), (3510, 3266), (3544, 3280), (3557, 3793), (3577, 3294), (3688, 3396), (3696, 3864), (3708, 3452), (3746, 3910), (3760, 3539), (3792, 3949), (3804, 3970), (3827, 3989), (3828, 3618), (3850, 4022), (3852, 3672), (3875, 3701), (3881, 3723), (3891, 4058), (3937, 3787), (3958, 4123), (4002, 3843), (4003, 4137), (4010, 3843), (4024, 3856), (4051, 3878), (4054, 4188), (4073, 4188), (4084, 3917), (4110, 3934), (4114, 3934), (4145, 4249), (4149, 4020), (4159, 4022), (4173, 4042), (4176, 4054), (4188, 4084), (4209, 4311), (4210, 4321), (4214, 4121), (4248, 4145), (4257, 4149), (4267, 4378), (4304, 4388), (4344, 4228), (4373, 4458), (4391, 4473), (4433, 4535), (4441, 4542), (4457, 4552), (4466, 4375), (4547, 4642), (4585, 4502), (4593, 4502), (4622, 4736), (4652, 4563), (4658, 4567), (4670, 4571), (4692, 4798), (4711, 4588), (4772, 4664), (4782, 4962), (4787, 4669), (4817, 5021), (4830, 5027), (4839, 5037), (4853, 4717), (4874, 4740), (4878, 5083), (4931, 5159), (4940, 5178), (4951, 5180), (4969, 5185), (4976, 4808), (4994, 5210), (5002, 5210), (5042, 4862), (5045, 4862), (5133, 4904), (5170, 5353), (5178, 5353), (5183, 5353), (5188, 4976), (5212, 5016), (5265, 5055), (5274, 5501), (5326, 5589), (5341, 5146), (5358, 5184), (5378, 5598), (5389, 5612), (5394, 5218), (5412, 5226), (5416, 5226), (5444, 5249), (5451, 5683), (5452, 5251), (5472, 5737), (5501, 5282), (5509, 5772), (5544, 5319), (5554, 5798), (5584, 5820), (5593, 5331), (5694, 5906), (5699, 5922), (5701, 5461), (5709, 5926), (5777, 5958), (5804, 6019), (5851, 6042), (5858, 6066), (5911, 6083), (5917, 5697), (5944, 6087), (5963, 5781), (6022, 5815), (6041, 5847), (6062, 5858), (6090, 5954), (6101, 6248), (6109, 6248), (6194, 6083), (6209, 6370), (6294, 6159), (6300, 6159), (6308, 6471), (6313, 6471), (6323, 6183), (6337, 6186), (6375, 6235), (6417, 6288), (6433, 6290), (6437, 6538), (6530, 6673), (6535, 6673), (6717, 6855), (6731, 6855), (6777, 6904), (6788, 6917), (6803, 6944), (6855, 6999), (6866, 6746), (6882, 6753), (6913, 6783), (6929, 7120), (6945, 7135), (6959, 7169), (6964, 6821), (6970, 6831), (6973, 7213), (7003, 7227), (7073, 6902), (7115, 6922), (7124, 7323), (7128, 6931), (7141, 6951), (7143, 7330), (7185, 6965), (7264, 7455), (7332, 7177), (7411, 7221), (7422, 7666), (7427, 7229), (7431, 7229), (7436, 7229), (7456, 7265), (7465, 7719), (7495, 7737), (7525, 7322), (7550, 7761), (7625, 7408), (7737, 7497), (7738, 7954), (7742, 7497), (7769, 7993), (7806, 8047), (7819, 8047), (7854, 8107), (7875, 8108), (7937, 8142), (7944, 7736), (7959, 8174), (7966, 8193), (7979, 8193), (7995, 7770), (8002, 8205), (8010, 8206), (8018, 8206), (8058, 7837), (8061, 8236), (8086, 7844), (8116, 7883), (8132, 7937), (8169, 7951), (8189, 7965), (8202, 7996), (8209, 8019), (8211, 8388), (8254, 8453), (8272, 8490), (8292, 8108), (8327, 8530), (8343, 8165), (8344, 8547), (8346, 8165), (8359, 8165), (8385, 8189), (8460, 8257), (8522, 8765), (8553, 8825), (8563, 8876), (8577, 8361), (8599, 8894), (8603, 8894), (8692, 8976), (8717, 8976), (8760, 8512), (8825, 8558), (8841, 8558), (8856, 9139), (8875, 8559), (8884, 8591), (8906, 8619), (8907, 8619), (8912, 9157), (8942, 8656), (8988, 8768), (8990, 9235), (9003, 9235), (9012, 8768), (9023, 8774), (9086, 8814), (9103, 9278), (9104, 8834), (9170, 9386), (9173, 8921), (9187, 9399), (9256, 9446), (9277, 9456), (9281, 9456), (9287, 9105), (9342, 9128), (9363, 9519), (9374, 9161), (9411, 9190), (9477, 9666), (9489, 9313), (9496, 9679), (9579, 9417), (9648, 9777), (9663, 9787), (9674, 9795), (9708, 9822), (9735, 9602), (9833, 9971), (9839, 9980), (9867, 9746), (9889, 9996), (9890, 9996), (9934, 10000), (9971, 9839), (9979, 10000)









