









10 8 -6 10 7 -4 -9 -2 3 0 -3 8 9 0 4 -5 -6 -7 5 5 -9 -1 2 -1 -2 -4 -1 7 5 8 10 -1 0 3 0 -10 -6 -5 -9 3 4 5 3 2 8 -4 -6 -10 0 7 -8 5 0 2 3 7 -5 -5 9 3 -4 -3 7 9 5 7 2 6 -6 -8 -3 2 -7 7 -10 -1 0 -8 -5 -9 5 -7 1 0 -3 3 0 9 -3 2 -2 0 -7 -1 4 5 0 -4 8 3 -10 -1 3 -7 0 2 9 -1 10 -7 7 -1 5 -4 7 -4 -4 -10 -10 1 4 -3 1 6 10 -4 1 4 9 1 -8 6 -5 6 -8 -3 -6 -4 0 -5 -5 4 -3 1 3 1 -4 -2 4 0 10 6 8 -2 -10 0 7 3 9 9 -6 8 8 1 2 -7 -1 -9 -8 -9 -2 10 5 10 -9 8 6 8 -3 10 -8 -4 -10 -10 -7 -2 6 4 -1 4 0 -6 7 4 -6 10 -4 -1 10 1 -4 3 -10 5 -2 1 7 5 -9 -7 -3 -4 2 -6 -5 -3 -2 0 7 -5 -10 1 -1 -4 -6 10 -3 5 0 8 2 6 -10 3 1 5 9 4 -1 -10 4 -10 -3 10 3 -7 4 -4 5 -6 6 -8 -1 -5 10 7 2 5 4 3 -7 9 2 -7 5 4 -3 -5 -10 -9 -9 4 -10 -8 2 -5 -1 7 -9 5 -7 5 2 -2 6 5 -4 6 6 5 9 -5 -8 3 -2 -6 -7 3 10 2 -2 -3 0 -6 6 2 4 8 3 -5 -1 5 -1 7 -9 6 -1 -4 4 -7 -4 6 0 -1 -9 -9 -3 8 -3 -1 -2 -3 -5 -5 10 10 -1 -2 -2 -4 6 4 -8 -5 10 9 -7 0 2 -10 -8 9 -7 -8 10 10 8 4 10 8 1 -6 10 2 -4 7 5 10 -10 2 -2 -2 -4 1 -6 1 -9 -8 -7 -4 7 8 3 5 -1 1 -7 -1 5 4 10 -9 4 0 0 -8 10 -7 1 -6 -2 -7 0 6 -6 2 -2 -4 5 5 0 -7 1 -8 7 9 6 -1 -4 9 4 -10 8 -5 5 -7 1 -10 10 -4 4 0 -3 -8 9 -6 2 2 -5 -9 1 5 5 -1 0 -1 1 -6 7 0 7 -2 -2 3 4 -10 3 10 -7 -6 7 -3 -7 -10 -4 3 -10 -4 -8 -9 1 4 10 -7 3 -6 -2 -3 3 -2 0 5 2 1 -7 3 3 -6 10 1 -2 -2 -3 2 6 -5 7 -7 -6 8 -4 6 6 8 -1 -7 8 10 -7 6 -7 -4 -4 1 -7 9 6 -9 -9 9 8 7 -1 -5 -1 -9 10 -4 -6 -8 -3 5 10 -10 0 0 7 -3 -7 7 -3 -2 2 -1 10 -8 -9 -5 7 0 5 -5 -6 4 8 6 -9 2 -5 -7 8 5 0 1 9 4 -9 -7 -7 9 -7 7 6 -2 9 10 -10 -10 9 -2 -10 8 9 -6 10 10 -4 6 3 -4 -8 -4 5 -7 -2 -2 8 3 3 2 7 -4 -7 -10 6 2 -4 5 6 7 7 -8 -10 1 1 8 4 8 -10 1 5 6 -4 -10 8 2 -4 2 -9 2 -9 4 -8 -8 2 0 8 6 -1 -3 -9 10 -3 10 3 -9 1 7 0 -9 -1 3 8 6 4 -5 -1 1 1 -4 -7 6 5 6 -8 -9 -6 6 2 7 -3 4 4 4 -6 -10 -6 -7 -9 -4 8 3 -3 8 -7 -5 -1 -1 -10 -2 4 8 3 1 7 9 -1 -7 -7 7 6 4 -8 1 -10 1 8 5 -8 3 7 1 -6 8 4 0 -4 -9 -4 -10 10 1 -7 5 -8 4 -1 -8 -5 -2 8 7 -5 -6 3 4 5 9 1 2 0 -6 0 2 -7 10 4 -6 6 2 6 4 3 -7 2 8 -6 -9 4 -2 1 4 8 -6 2 0 2 -8 -1 -10 9 0 6 6 7 8 9 0 -8 -1 3 -4 -6 -7 6 7 -1 6 -5 2 10 4 -5 9 8 -10 -10 3 -10 8 -4 7 0 2 4 -2 5 2 -1 9 2 -10 -4 4 -6 6 10 -6 -1 6 3 7 1 7 -3 -5 7 8 0 2 4 -2 8 -6 -5 1 10 -5 9 -4 -9 0 -9 -3 6 -8 4 -2 -5 -3 5 7 5 8 5 5 3 -8 8 6 -6 -1 7 -9 2 2 6 1 -1 -3 2 -10 9 3 -10 2 -4 -5 -4 8 1 -7 1 3 3 -2 -10 4 3 0 8 3 -8 -5 -4 -3 -9 -1 -8 3 0 6 7 9 4 10 -9 3 0 9 -4 6 -2 -7 10 -8 -1 -5 -8 6 6 6 2 0 -4 -3 -4 2 -1 -4 2 3 3 4 9 -10 -6 6 9 -10 -1 -9 -8 -5 -9 0 4 5 1 10 2 -4 1 0 7 6 3 -2 -9 -4 0 4 1 5 -1 9 6 -7 4 -7 5 5 -3 -1 -8 -8 -2 10 -6 6 9 -8 1 -8 -7 -9 -6 6 0 6 -9 0 7 5 10 6 -9 8 7 4 -7 7 8 -5 -5 4 3 -3 3 10 -7 -5 10 -8 2 -9 4 -9 -7 -7 -9 -7 -2 -4 -1 0 0 -10 -10 -1 -2 -2 1 -9 5 2 6 -8 5 0 -6 -1 3 -5 -10 8 -6 1 0 -4 5 0 0 -10 -4 -9 -3 4 -1 -1 5 10 4 5 -6 4 1 -5 -10 7 -9 -3 7 0 -1 6 8 0 -6 7 -6 5 -1 6 0 1 0 -2 2 -5 -6 0 -8 -4 -9 -2 3 10 1 10 -4 -3 -9 1 -5 -10 -3 -7 -6 -6 -6 -3 -3 -4 -1 -9 -4 6 4 6 2 4 8 -2 -2 -2 7 6 7 0 8 4 5 3 0 0 10 -6 -3 4 -5 4 -9 8 -7 4 -10 -1 -6 -4 -10 -3 0 -1 -7 4 4 10 -5 -3 5 -9 -4 2 -1 7 6 10 1 1 -6 3 1 -4 -8 -6 4 1 3 -10 2 9 -2 -9 -7 3 8 -3 -5 5 -6 0 -2 10 -6 0 -7 8 -2 0 -1 7 9 2 -4 -7 -9 10 3 0 1 3 -4 9 6 -5 -2 9 9 -6 -7 5 1 -6 10 -2 6 -7 8 -6 -7 4 -1 7 2 3 -5 1 -6 1 7 -9 9 -7 -5 7 8 8 -10 8 5 -2 -3 -6 6 4 -4 5 9 6 -1 10 -6 3 10 -6 -9 6 5 -9 -7 6 -4 -8 -8 0 6 -10 -7 -8 -8 3 -7 -1 9 6 7 6 -6 -10 -1 -4 5 -1 1 2 -7 -6 1 10 7 -4 -8 -3 8 -1 8 2 6 0 7 1 -9 1 -6 8 -6 2 6 -2 -8 -8 4 8 -6 -10 -5 10 -10 -3 -2 -8 6 8 9 0 8 9 -10 10 10 1 3 2 9 1 6 8 2 10 3 0 -6 6 -7 -6 9 -9 -6 9 -3 7 0 -7 8 -8 -10 -10 0 -4 5 1 0 -6 0 -4 -5 2 7 -9 -3 -7 -8 -5 -5 9 -4 -8 7 -4 1 10 9 -4 -4 -3 -9 3 3 0 -3 9 -3 7 4 0 0 5 3 3 -6 -1 3 6 -2 4 -5 9 -9 -4 -10 -8 10 7 7 2 4 -3 -3 -7 -10 -6 -3 10 1 -7 10 -5 -7 8 -4 -4 3 3 -1 9 2 5 -10 7 -9 -8 9 -8 2 8 2 -3 0 -5 -3 -10 6 9 3 -6 -3 -4 -7 7 -3 8 -5 3 -5 -2 -6 -9 -7 4 -6 -7 -2 3 -5 -8 -2 -9 10 8 -9 6 7 -1 6 10 5 -6 5 4 6 -4 0 -2 8 7 1 -6 -7 -4 -6 -8 4 4 -5 7 2 6 -3 5 2 -6 2 -3 2 -8 5 6 10 3 3 -5 -5 9 -10 -1 5 -6 4 -3 10 4 0 -7 -10 -7 4 -10 6 -7 -3 1 -4 9 10 -8 4 10 -9 5 -8 -4 -7 6 -2 2 1 -8 6 4 -3 4 3 9 -10 -1 -2 3 10 7 -3 1 -8 3 6 10 -7 5 10 -7 -7 9 3 6 1 -5 -2 9 6 8 -7 -5 -3 1 6 9 7 7 -1 -9 -10 5 4 0 -5 -6 5 7 9 8 4 -6 3 10 6 1 -7 2 7 9 1 -9 5 -8 6 4 2 -9 -7 -10 -3 1 10 8 7 -8 -4 -9 -10 9 5 4 4 10 7 0 7 8 -6 4 -5 8 -5 -6 5 -8 6 -5 -4 -6 -10 7 -1 7 7 4 -5 5 -10 -10 10 -6 9 -5 -1 -4 -4 -6 1 -1 1 3 -4 -4 -1 3 4 1 -10 -7 5 -3 1 8 8 0 1 -5 5 9 9 -9 -9 -8 -10 0 -2 -9 -5 3 10 1 -10 6 0 5 0 10 7 8 10 8 -2 4 -7 -5 7 -6 -6 0 -8 5 -1 7 -5 2 -3 1 0 10 5 5 7 6 0 -6 8 8 5 10 -9 9 10 -8 0 -6 -9 6 10 -9 -9 5 7 3 10 -6 -9 10 3 -8 -1 -7 3 -9 -10 -10 -7 7 -4 -8 3 -2 -2 10 4 -1 -6 6 -2 -1 10 1 -8 -4 -5 -3 8 -2 8 -8 0 -8 4 5 -2 -8 9 -6 8 7 -7 -9 6 -2 -2 -7 -5 -9 8 6 0 10 8 -6 -4 6 -4 3 5 5 1 3 -2 6 3 -3 -4 -5 2 2 -1 8 -10 -9 -10 4 5 0 8 -2 0 5 -1 4 6 0 -2 4 9 1 1 -10 -1 -3 -9 7 -3 6 7 -4 5 8 -3 2 -2 6 10 4 2 10 4 10 7 5 9 4 -1 1 4 4 -6 -9 9 -8 6 -4 -3 -6 -4 8 7 0 8 9 -4 5 0 7 2 -3 3 -4 -3 1 1 -7 9 7 2 1 5 4 -10 -2 3 10 -9 -2 2 1 -8 -4 -9 -1 -2 -3 10 3 10 2 -3 3 -3 0 3 7 -1 -8 -9 5 8 -9 9 8 10 4 4 9 -8 5 -8 8 -5 3 5 -8 0 5 7 2 1 -4 7 -9 10 -6 -4 2 9 9 2 1 9 -3 7 10 4 8 8 7 7 5 -1 -9 -1 -6 7 3 4 2 9 -1 6 -4 7 5 5 8 -5 -7 -9 8 -2 7 7 2 -1 0 -5 -10 7 -7 5 -9 4 10 -7 6 -7 3 7 8 -1 -9 -1 -9 -3 6 -9 5 0 0 -8 -6 -9 10 6 -5 9 4 0 5 10 0 8 -9 6 -1 3 2 7 -4 2 -2 4 8 -6 -1 -6 10 9 9 -8 -9 1 -5 5 -8 6 -10 5 9 -3 6 -10 -7 2 -2 -2 1 10 -1 -8 3 -2 5 -1 -8 -9 -1 -10 -4 1 -8 -4 0 -9 6 2 10 9 -3 8 10 -2 0 6 10 9 -7 5 9 -5 -7 7 1 2 -1 -6 1 9 -7 -1 7 -9 4 -9 -5 10 5 4 3 10 5 0 -7 -3 -8 -8 -7 7 -9 -10 5 -6 3 7 -6 4 -10 0 3 8 -9 8 -2 -4 0 1 0 0 9 10 7 3 -4 6 -7 7 2 8 -1 6 3 -3 2 7 -9 6 -2 -6 6 -3 -2 0 -7 -2 5 3 9 -10 -5 -7 -9 3 -6 -9 7 3 0 -6 4 -5 4 -4 4 6 6 -7 2 1 -5 -9 10 1 -1 -2 -10 -8 1 6 3 -8 9 0 -9 6 3 5 3 7 4 3 -2 -10 -3 8 -8 1 6 2 5 10 -7 -9 7 -9 10 -4 -10 2 7 -5 -6 0 -2 2 -3 -7 5 0 5 7 -7 -5 -4 7 8 3 -8 5 -4 2 -8 8 -4 -10 -7 -7 -10 1 0 -3 1 9 -8 1 -3 -10 -1 10 -5 0 2 -6 -1 -7 -1 -6 -7 -4 3 2 9 -9 -8 -3 0 0 1 -10 9 -10 -10 -5 -7 -2 6 -8 4 -1 4 2 -8 -8 -1 9 4 -2 2 -10 3 7 7 9 1 -1 3 1 -1 -10 -10 -7 -5 5 -2 0 5 6 4 -7 3 -3 -6 0 -7 2 -7 -4 6 2 2 -1 -6 -7 -7 8 4 -10 4 -4 -7 -2 0 -1 -10 2 6 6 7 10 -7 -1 -3 3 -4 10 0 -7 2 3 0 8 -7 -7 -9 4 2 6 2 -8 6 -10 3 8 1 -2 -1 -8 10 6 -4 4 -2 5 10 -10 -3 -2 -1 5 5 -4 -6 10 9 -8 -8 -8 0 10 0 -3 0 -6 3 0 -8 1 -8 7 10 -9 -1 0 -2 -6 -7 9 -10 1 -9 -7 5 0 -4 -6 -7 0 1 -9 1 -8 -4 6 9 9 -4 4 5 -2 -3 -1 -1 -10 5 0 -9 10 -8 6 3 -2 8 0 2 1 -5 -10 -4 -9 5 5 -5 -1 6 5 -6 -8 9 7 -9 2 -3 4 2 -9 -7 -9 6 6 1 4 1 4 8 5 -3 -10 -6 -10 -3 3 3 -7 -2 -3 -1 4 -4 1 -4 3 -5 -5 -1 6 4 -6 -2 8 4 -2 -2 1 7 -3 6 6 -8 -6 -8 3 8 -4 -2 -1 4 -6 2 10 10 10 -9 8 7 2 -5 9 -4 -5 -1 -9 -5 4 3 -10 -9 5 -3 -2 1 -8 -1 1 -10 -3 -3 -5 -7 -9 2 -1 2 5 6 -8 8 3 -9 -3 -10 -1 9 10 2 -7 -4 7 -6 9 0 -7 8 8 3 3 -8 -7 -10 -3 -3 2 6 -9 3 -6 -8 6 8 -4 3 -10 3 6 5 8 7 4 6 8 -5 2 10 -6 6 -6 1 4 -7 -1 -9 1 3 -2 -8 -9 8 -4 7 0 -2 -9 -6 6 -6 -7 -1 -7 5 -1 -5 1 9 -8 7 4 7 10 -9 -9 -7 0 4 -5 1 -9 -2 -4 8 0 2 -4 1 2 -8 8 -8 7 -1 0 0 9 -10 -5 -7 -9 2 5 -7 3 -10 9 -10 -5 -8 5 -10 -4 9 -1 -2 7 -4 9 -7 1 -8 -9 -2 10 3 -1 8 -1 2 10 -4 -6 5 1 10 0 -6 10 -1 2 -2 0 -10 -1 1 -6 10 -8 -6 1 -1 -2 -6 5 3 8 -2 6 7 5 -10 -3 5 8 4 8 1 -9 -2 8 -6 0 -4 6 6 -10 3 -3 3 -4 -4 10 3 -2 5 10 2 7 6 -5 -7 -1 -10 6 -8 2 -2 2 -1 -3 9 3 5 0 3 2 -10 -10 -3 5 -8 -4 8 -5 10 5 10 7 3 5 -8 1 -9 -1 -7 0 -3 -5 0 4 -2 -8 -10 6 -6 -9 -8 -5 -6 -2 2 -7 -9 7 -4 -5 7 5 7 8 6 -7 8 -10 -7 -4 -10 2 -3 5 7 -2 1 3 -10 -3 3 7 3 0 3 6 -6 -7 8 5 1 10 4 -8 7 8 3 5 -9 7 8 10 7 4 1 10 5 5 -8 -3 5 4 5 0 -7 10 0 6 -9 7 -10 -8 -6 -4 -8 3 -8 7 2 8 5 -7 -8 6 1 -1 2 -2 -9 7 -4 -2 -2 -2 -10 1 -10 -4 -2 -6 9 -8 10 0 5 -1 -4 0 -10 10 -2 -4 -1 -10 -3 -5 -3 9 -9 9 2 10 5 5 2 9 10 2 2 -9 7 -8 -7 4 -5 1 -2 -3 -1 3 1 7 -1 -2 -2 9 10 -3 5 7 -1 6 10 -7 -10 -7 2 -1 -2 -2 -6 10 -7 -2 1 5 -5 7 8 -1 6 7 -1 -3 3 4 7 -6 -10 7 -4 2 -3 -8 -8 -6 9 -5 -8 -2 1 1 9 -1 -4 -5 -9 -3 -6 -6 4 1 2 8 -8 4 8 1 -10 -3 -4 10 -6 -6 1 5 1 2 3 -1 5 10 -10 -3 7 -6 -4 0 -3 0 -1 9 1 -5 -5 4 9 -5 -8 6 -5 -10 4 9 0 8 10 10 -4 7 7 0 7 -9 -9 2 -6 -5 9 6 -2 2 -10 -7 2 -7 -10 10 -2 -7 6 -7 0 4 -10 0 2 -4 -8 -9 8 -2 2 -6 0 9 2 1 -9 -1 8 -1 9 -9 -4 -8 -8 0 2 8 -3 5 3 3 10 7 -10 4 -1 8 -3 -10 5 2 -7 1 3 5 -2 -1 9 -10 9 0 2 3 0 2 -8 6 -5 9 3 5 8 0 -5 1 0 -3 -5 4 8 -8 0 -10 -5 7 -9 -10 6 2 2 10 -9 4 -10 7 6 1 -9 -7 5 6 -9 -5 -1 -10 -2 4 -2 6 2 7 -2 5 -10 -4 8 -5 -5 9 -2 -8 2 -9 -5 -10 4 -3 4 10 -9 9 -3 4 9 -9 -6 7 0 2 4 -2 9 -4 -10 7 1 -3 -6 3 3 3 -9 -5 2 5 2 -6 -3 -1 9 4 4 -7 5 1 5 -4 -8 9 10 -10 -7 -4 5 9 -7 1 -2 -1 -6 4 8 2 8 1 9 -4 6 1 -6 7 -3 -5 -7 -6 -5 4 0 7 3 5 -8 -3 -1 -9 10 -9 -7 -4 -3 -6 7 -6 5 -4 1 0 1 -8 -7 10 -9 4 3 -5 7 6 -6 -6 -6 -4 -8 7 -2 -7 -1 -2 9 -2 9 -10 1 -3 -7 -3 0 -1 7 10 3 4 -3 6 -9 -9 0 -3 -4 9 -3 -4 -7 0 -4 1 -10 6 8 3 6 3 4 7 -9 -10 -5 -7 1 -8 4 10 -4 -4 5 6 -2 8 2 2 1 6 9 7 -3 5 5 3 -5 5 -7 8 -7 -7 -9 0 10 -10 -7 4 -4 1 5 4 4 -3 2 -4 4 -6 4 10 4 -1 4 -7 -2 7 -8 3 -1 7 5 8 1 -7 9 4 -7 -7 -2 -8 -1 -2 7 3 2 -4 4 -3 7 -3 -7 2 -5 10 6 4 -4 6 2 -4 -9 9 -10 7 10 -10 3 3 -5 0 -8 -4 -4 -4 -5 6 -7 -1 -9 -5 5 -1 9 -1 7 -6 6 -6 6 -1 -10 1 -6 6 -2 9 0 6 4 7 5 2 0 -1 -7 3 0 7 -10 -3 -2 -2 0 5 2 -6 -1 -4 7 -2 6 -9 4 0 -6 -5 6 -1 10 -8 1 -6 8 -7 -3 2 10 1 -4 -2 -10 6 2 0 -7 -3 4 9 -4 -7 3 0 8 1 8 -10 0 0 4 0 3 3 -3 -7 -1 -3 5 3 1 6 -4 -9 -7 2 -5 -5 7 7 -4 1 -5 -9 -10 -6 5 -9 -4 8 -10 -8 -1 -2 7 -9 6 9 -9 0 -8 -6 3 6 -1 10 -5 5 -1 4 6 -3 -1 -6 8 -2 8 -3 -4 1 1 -5 9 -4 -9 1 -5 3 7 -5 2 -7 -6 8 3 -5 0 -1 -1 7 3 2 1 1 2 -8 -9 6 1 5 8 -5 2 2 -5 -1 1 -5 3 0 8 2 -3 3 3 -9 3 -7 -2 9 -3 3 6 -1 -2 -5 -3 -10 8 -8 6 -9 10 -9 -7 10 3 -3 7 -4 -2 -8 8 -4 4 -9 -9 -4 -3 6 0 5 2 6 3 -6 -4 -2 8 -6 -7 5 -8 2 -9 0 6 5 1 4 -1 -6 2 -6 -4 0 1 -5 7 -6 5 -7 -4 -9 8 10 4 5 -6 -4 -6 5 -10 10 9 8 -8 7 1 -4 6 -2 -10 -3 1 -1 6 -9 4 -5 -9 -5 -9 2 10 -10 8 -6 -4 -2 2 8 -3 6 -2 0 -10 2 -6 6 -3 4 -9 10 10 9 7 -9 6 -2 5 9 -10 -3 -10 -8 -2 -10 -6 0 -3 -9 2 10 -5 -4 -7 -3 -1 -6 1 1 2 -9 7 -9 -7 -7 -7 -7 -8 8 8 2 -7 -3 -2 -4 -2 0 -1 -10









-10 8 -6 10 7 -4 -9 -2 3 0 -3 8 9 0 4 -5 -6 -7 5 5 -9 -1 2 -1 -2 -4 -1 7 5 8 10 -1 0 3 0 -10 -6 -5 -9 3 4 5 3 2 8 -4 -6 -10 0 7 -8 5 0 2 3 7 -5 -5 9 3 -4 -3 7 9 5 7 2 6 -6 -8 -3 2 -7 7 -10 -1 0 -8 -5 -9 5 -7 1 0 -3 3 0 9 -3 2 -2 0 -7 -1 4 5 0 -4 8 3 -10 -1 3 -7 0 2 9 -1 10 -7 7 -1 5 -4 7 -4 -4 -10 -10 1 4 -3 1 6 10 -4 1 4 9 1 -8 6 -5 6 -8 -3 -6 -4 0 -5 -5 4 -3 1 3 1 -4 -2 4 0 10 6 8 -2 -10 0 7 3 9 9 -6 8 8 1 2 -7 -1 -9 -8 -9 -2 10 5 10 -9 8 6 8 -3 10 -8 -4 -10 -10 -7 -2 6 4 -1 4 0 -6 7 4 -6 10 -4 -1 10 1 -4 3 -10 5 -2 1 7 5 -9 -7 -3 -4 2 -6 -5 -3 -2 0 7 -5 -10 1 -1 -4 -6 10 -3 5 0 8 2 6 -10 3 1 5 9 4 -1 -10 4 -10 -3 10 3 -7 4 -4 5 -6 6 -8 -1 -5 10 7 2 5 4 3 -7 9 2 -7 5 4 -3 -5 -10 -9 -9 4 -10 -8 2 -5 -1 7 -9 5 -7 5 2 -2 6 5 -4 6 6 5 9 -5 -8 3 -2 -6 -7 3 10 2 -2 -3 0 -6 6 2 4 8 3 -5 -1 5 -1 7 -9 6 -1 -4 4 -7 -4 6 0 -1 -9 -9 -3 8 -3 -1 -2 -3 -5 -5 10 10 -1 -2 -2 -4 6 4 -8 -5 10 9 -7 0 2 -10 -8 9 -7 -8 10 10 8 4 10 8 1 -6 10 2 -4 7 5 10 -10 2 -2 -2 -4 1 -6 1 -9 -8 -7 -4 7 8 3 5 -1 1 -7 -1 5 4 10 -9 4 0 0 -8 10 -7 1 -6 -2 -7 0 6 -6 2 -2 -4 5 5 0 -7 1 -8 7 9 6 -1 -4 9 4 -10 8 -5 5 -7 1 -10 10 -4 4 0 -3 -8 9 -6 2 2 -5 -9 1 5 5 -1 0 -1 1 -6 7 0 7 -2 -2 3 4 -10 3 10 -7 -6 7 -3 -7 -10 -4 3 -10 -4 -8 -9 1 4 10 -7 3 -6 -2 -3 3 -2 0 5 2 1 -7 3 3 -6 10 1 -2 -2 -3 2 6 -5 7 -7 -6 8 -4 6 6 8 -1 -7 8 10 -7 6 -7 -4 -4 1 -7 9 6 -9 -9 9 8 7 -1 -5 -1 -9 10 -4 -6 -8 -3 5 10 -10 0 0 7 -3 -7 7 -3 -2 2 -1 10 -8 -9 -5 7 0 5 -5 -6 4 8 6 -9 2 -5 -7 8 5 0 1 9 4 -9 -7 -7 9 -7 7 6 -2 9 10 -10 -10 9 -2 -10 8 9 -6 10 10 -4 6 3 -4 -8 -4 5 -7 -2 -2 8 3 3 2 7 -4 -7 -10 6 2 -4 5 6 7 7 -8 -10 1 1 8 4 8 -10 1 5 6 -4 -10 8 2 -4 2 -9 2 -9 4 -8 -8 2 0 8 6 -1 -3 -9 10 -3 10 3 -9 1 7 0 -9 -1 3 8 6 4 -5 -1 1 1 -4 -7 6 5 6 -8 -9 -6 6 2 7 -3 4 4 4 -6 -10 -6 -7 -9 -4 8 3 -3 8 -7 -5 -1 -1 -10 -2 4 8 3 1 7 9 -1 -7 -7 7 6 4 -8 1 -10 1 8 5 -8 3 7 1 -6 8 4 0 -4 -9 -4 -10 10 1 -7 5 -8 4 -1 -8 -5 -2 8 7 -5 -6 3 4 5 9 1 2 0 -6 0 2 -7 10 4 -6 6 2 6 4 3 -7 2 8 -6 -9 4 -2 1 4 8 -6 2 0 2 -8 -1 -10 9 0 6 6 7 8 9 0 -8 -1 3 -4 -6 -7 6 7 -1 6 -5 2 10 4 -5 9 8 -10 -10 3 -10 8 -4 7 0 2 4 -2 5 2 -1 9 2 -10 -4 4 -6 6 10 -6 -1 6 3 7 1 7 -3 -5 7 8 0 2 4 -2 8 -6 -5 1 10 -5 9 -4 -9 0 -9 -3 6 -8 4 -2 -5 -3 5 7 5 8 5 5 3 -8 8 6 -6 -1 7 -9 2 2 6 1 -1 -3 2 -10 9 3 -10 2 -4 -5 -4 8 1 -7 1 3 3 -2 -10 4 3 0 8 3 -8 -5 -4 -3 -9 -1 -8 3 0 6 7 9 4 10 -9 3 0 9 -4 6 -2 -7 10 -8 -1 -5 -8 6 6 6 2 0 -4 -3 -4 2 -1 -4 2 3 3 4 9 -10 -6 6 9 -10 -1 -9 -8 -5 -9 0 4 5 1 10 2 -4 1 0 7 6 3 -2 -9 -4 0 4 1 5 -1 9 6 -7 4 -7 5 5 -3 -1 -8 -8 -2 10 -6 6 9 -8 1 -8 -7 -9 -6 6 0 6 -9 0 7 5 10 6 -9 8 7 4 -7 7 8 -5 -5 4 3 -3 3 10 -7 -5 10 -8 2 -9 4 -9 -7 -7 -9 -7 -2 -4 -1 0 0 -10 -10 -1 -2 -2 1 -9 5 2 6 -8 5 0 -6 -1 3 -5 -10 8 -6 1 0 -4 5 0 0 -10 -4 -9 -3 4 -1 -1 5 10 4 5 -6 4 1 -5 -10 7 -9 -3 7 0 -1 6 8 0 -6 7 -6 5 -1 6 0 1 0 -2 2 -5 -6 0 -8 -4 -9 -2 3 10 1 10 -4 -3 -9 1 -5 -10 -3 -7 -6 -6 -6 -3 -3 -4 -1 -9 -4 6 4 6 2 4 8 -2 -2 -2 7 6 7 0 8 4 5 3 0 0 10 -6 -3 4 -5 4 -9 8 -7 4 -10 -1 -6 -4 -10 -3 0 -1 -7 4 4 10 -5 -3 5 -9 -4 2 -1 7 6 10 1 1 -6 3 1 -4 -8 -6 4 1 3 -10 2 9 -2 -9 -7 3 8 -3 -5 5 -6 0 -2 10 -6 0 -7 8 -2 0 -1 7 9 2 -4 -7 -9 10 3 0 1 3 -4 9 6 -5 -2 9 9 -6 -7 5 1 -6 10 -2 6 -7 8 -6 -7 4 -1 7 2 3 -5 1 -6 1 7 -9 9 -7 -5 7 8 8 -10 8 5 -2 -3 -6 6 4 -4 5 9 6 -1 10 -6 3 10 -6 -9 6 5 -9 -7 6 -4 -8 -8 0 6 -10 -7 -8 -8 3 -7 -1 9 6 7 6 -6 -10 -1 -4 5 -1 1 2 -7 -6 1 10 7 -4 -8 -3 8 -1 8 2 6 0 7 1 -9 1 -6 8 -6 2 6 -2 -8 -8 4 8 -6 -10 -5 10 -10 -3 -2 -8 6 8 9 0 8 9 -10 10 10 1 3 2 9 1 6 8 2 10 3 0 -6 6 -7 -6 9 -9 -6 9 -3 7 0 -7 8 -8 -10 -10 0 -4 5 1 0 -6 0 -4 -5 2 7 -9 -3 -7 -8 -5 -5 9 -4 -8 7 -4 1 10 9 -4 -4 -3 -9 3 3 0 -3 9 -3 7 4 0 0 5 3 3 -6 -1 3 6 -2 4 -5 9 -9 -4 -10 -8 10 7 7 2 4 -3 -3 -7 -10 -6 -3 10 1 -7 10 -5 -7 8 -4 -4 3 3 -1 9 2 5 -10 7 -9 -8 9 -8 2 8 2 -3 0 -5 -3 -10 6 9 3 -6 -3 -4 -7 7 -3 8 -5 3 -5 -2 -6 -9 -7 4 -6 -7 -2 3 -5 -8 -2 -9 10 8 -9 6 7 -1 6 10 5 -6 5 4 6 -4 0 -2 8 7 1 -6 -7 -4 -6 -8 4 4 -5 7 2 6 -3 5 2 -6 2 -3 2 -8 5 6 10 3 3 -5 -5 9 -10 -1 5 -6 4 -3 10 4 0 -7 -10 -7 4 -10 6 -7 -3 1 -4 9 10 -8 4 10 -9 5 -8 -4 -7 6 -2 2 1 -8 6 4 -3 4 3 9 -10 -1 -2 3 10 7 -3 1 -8 3 6 10 -7 5 10 -7 -7 9 3 6 1 -5 -2 9 6 8 -7 -5 -3 1 6 9 7 7 -1 -9 -10 5 4 0 -5 -6 5 7 9 8 4 -6 3 10 6 1 -7 2 7 9 1 -9 5 -8 6 4 2 -9 -7 -10 -3 1 10 8 7 -8 -4 -9 -10 9 5 4 4 10 7 0 7 8 -6 4 -5 8 -5 -6 5 -8 6 -5 -4 -6 -10 7 -1 7 7 4 -5 5 -10 -10 10 -6 9 -5 -1 -4 -4 -6 1 -1 1 3 -4 -4 -1 3 4 1 -10 -7 5 -3 1 8 8 0 1 -5 5 9 9 -9 -9 -8 -10 0 -2 -9 -5 3 10 1 -10 6 0 5 0 10 7 8 10 8 -2 4 -7 -5 7 -6 -6 0 -8 5 -1 7 -5 2 -3 1 0 10 5 5 7 6 0 -6 8 8 5 10 -9 9 10 -8 0 -6 -9 6 10 -9 -9 5 7 3 10 -6 -9 10 3 -8 -1 -7 3 -9 -10 -10 -7 7 -4 -8 3 -2 -2 10 4 -1 -6 6 -2 -1 10 1 -8 -4 -5 -3 8 -2 8 -8 0 -8 4 5 -2 -8 9 -6 8 7 -7 -9 6 -2 -2 -7 -5 -9 8 6 0 10 8 -6 -4 6 -4 3 5 5 1 3 -2 6 3 -3 -4 -5 2 2 -1 8 -10 -9 -10 4 5 0 8 -2 0 5 -1 4 6 0 -2 4 9 1 1 -10 -1 -3 -9 7 -3 6 7 -4 5 8 -3 2 -2 6 10 4 2 10 4 10 7 5 9 4 -1 1 4 4 -6 -9 9 -8 6 -4 -3 -6 -4 8 7 0 8 9 -4 5 0 7 2 -3 3 -4 -3 1 1 -7 9 7 2 1 5 4 -10 -2 3 10 -9 -2 2 1 -8 -4 -9 -1 -2 -3 10 3 10 2 -3 3 -3 0 3 7 -1 -8 -9 5 8 -9 9 8 10 4 4 9 -8 5 -8 8 -5 3 5 -8 0 5 7 2 1 -4 7 -9 10 -6 -4 2 9 9 2 1 9 -3 7 10 4 8 8 7 7 5 -1 -9 -1 -6 7 3 4 2 9 -1 6 -4 7 5 5 8 -5 -7 -9 8 -2 7 7 2 -1 0 -5 -10 7 -7 5 -9 4 10 -7 6 -7 3 7 8 -1 -9 -1 -9 -3 6 -9 5 0 0 -8 -6 -9 10 6 -5 9 4 0 5 10 0 8 -9 6 -1 3 2 7 -4 2 -2 4 8 -6 -1 -6 10 9 9 -8 -9 1 -5 5 -8 6 -10 5 9 -3 6 -10 -7 2 -2 -2 1 10 -1 -8 3 -2 5 -1 -8 -9 -1 -10 -4 1 -8 -4 0 -9 6 2 10 9 -3 8 10 -2 0 6 10 9 -7 5 9 -5 -7 7 1 2 -1 -6 1 9 -7 -1 7 -9 4 -9 -5 10 5 4 3 10 5 0 -7 -3 -8 -8 -7 7 -9 -10 5 -6 3 7 -6 4 -10 0 3 8 -9 8 -2 -4 0 1 0 0 9 10 7 3 -4 6 -7 7 2 8 -1 6 3 -3 2 7 -9 6 -2 -6 6 -3 -2 0 -7 -2 5 3 9 -10 -5 -7 -9 3 -6 -9 7 3 0 -6 4 -5 4 -4 4 6 6 -7 2 1 -5 -9 10 1 -1 -2 -10 -8 1 6 3 -8 9 0 -9 6 3 5 3 7 4 3 -2 -10 -3 8 -8 1 6 2 5 10 -7 -9 7 -9 10 -4 -10 2 7 -5 -6 0 -2 2 -3 -7 5 0 5 7 -7 -5 -4 7 8 3 -8 5 -4 2 -8 8 -4 -10 -7 -7 -10 1 0 -3 1 9 -8 1 -3 -10 -1 10 -5 0 2 -6 -1 -7 -1 -6 -7 -4 3 2 9 -9 -8 -3 0 0 1 -10 9 -10 -10 -5 -7 -2 6 -8 4 -1 4 2 -8 -8 -1 9 4 -2 2 -10 3 7 7 9 1 -1 3 1 -1 -10 -10 -7 -5 5 -2 0 5 6 4 -7 3 -3 -6 0 -7 2 -7 -4 6 2 2 -1 -6 -7 -7 8 4 -10 4 -4 -7 -2 0 -1 -10 2 6 6 7 10 -7 -1 -3 3 -4 10 0 -7 2 3 0 8 -7 -7 -9 4 2 6 2 -8 6 -10 3 8 1 -2 -1 -8 10 6 -4 4 -2 5 10 -10 -3 -2 -1 5 5 -4 -6 10 9 -8 -8 -8 0 10 0 -3 0 -6 3 0 -8 1 -8 7 10 -9 -1 0 -2 -6 -7 9 -10 1 -9 -7 5 0 -4 -6 -7 0 1 -9 1 -8 -4 6 9 9 -4 4 5 -2 -3 -1 -1 -10 5 0 -9 10 -8 6 3 -2 8 0 2 1 -5 -10 -4 -9 5 5 -5 -1 6 5 -6 -8 9 7 -9 2 -3 4 2 -9 -7 -9 6 6 1 4 1 4 8 5 -3 -10 -6 -10 -3 3 3 -7 -2 -3 -1 4 -4 1 -4 3 -5 -5 -1 6 4 -6 -2 8 4 -2 -2 1 7 -3 6 6 -8 -6 -8 3 8 -4 -2 -1 4 -6 2 10 10 10 -9 8 7 2 -5 9 -4 -5 -1 -9 -5 4 3 -10 -9 5 -3 -2 1 -8 -1 1 -10 -3 -3 -5 -7 -9 2 -1 2 5 6 -8 8 3 -9 -3 -10 -1 9 10 2 -7 -4 7 -6 9 0 -7 8 8 3 3 -8 -7 -10 -3 -3 2 6 -9 3 -6 -8 6 8 -4 3 -10 3 6 5 8 7 4 6 8 -5 2 10 -6 6 -6 1 4 -7 -1 -9 1 3 -2 -8 -9 8 -4 7 0 -2 -9 -6 6 -6 -7 -1 -7 5 -1 -5 1 9 -8 7 4 7 10 -9 -9 -7 0 4 -5 1 -9 -2 -4 8 0 2 -4 1 2 -8 8 -8 7 -1 0 0 9 -10 -5 -7 -9 2 5 -7 3 -10 9 -10 -5 -8 5 -10 -4 9 -1 -2 7 -4 9 -7 1 -8 -9 -2 10 3 -1 8 -1 2 10 -4 -6 5 1 10 0 -6 10 -1 2 -2 0 -10 -1 1 -6 10 -8 -6 1 -1 -2 -6 5 3 8 -2 6 7 5 -10 -3 5 8 4 8 1 -9 -2 8 -6 0 -4 6 6 -10 3 -3 3 -4 -4 10 3 -2 5 10 2 7 6 -5 -7 -1 -10 6 -8 2 -2 2 -1 -3 9 3 5 0 3 2 -10 -10 -3 5 -8 -4 8 -5 10 5 10 7 3 5 -8 1 -9 -1 -7 0 -3 -5 0 4 -2 -8 -10 6 -6 -9 -8 -5 -6 -2 2 -7 -9 7 -4 -5 7 5 7 8 6 -7 8 -10 -7 -4 -10 2 -3 5 7 -2 1 3 -10 -3 3 7 3 0 3 6 -6 -7 8 5 1 10 4 -8 7 8 3 5 -9 7 8 10 7 4 1 10 5 5 -8 -3 5 4 5 0 -7 10 0 6 -9 7 -10 -8 -6 -4 -8 3 -8 7 2 8 5 -7 -8 6 1 -1 2 -2 -9 7 -4 -2 -2 -2 -10 1 -10 -4 -2 -6 9 -8 10 0 5 -1 -4 0 -10 10 -2 -4 -1 -10 -3 -5 -3 9 -9 9 2 10 5 5 2 9 10 2 2 -9 7 -8 -7 4 -5 1 -2 -3 -1 3 1 7 -1 -2 -2 9 10 -3 5 7 -1 6 10 -7 -10 -7 2 -1 -2 -2 -6 10 -7 -2 1 5 -5 7 8 -1 6 7 -1 -3 3 4 7 -6 -10 7 -4 2 -3 -8 -8 -6 9 -5 -8 -2 1 1 9 -1 -4 -5 -9 -3 -6 -6 4 1 2 8 -8 4 8 1 -10 -3 -4 10 -6 -6 1 5 1 2 3 -1 5 10 -10 -3 7 -6 -4 0 -3 0 -1 9 1 -5 -5 4 9 -5 -8 6 -5 -10 4 9 0 8 10 10 -4 7 7 0 7 -9 -9 2 -6 -5 9 6 -2 2 -10 -7 2 -7 -10 10 -2 -7 6 -7 0 4 -10 0 2 -4 -8 -9 8 -2 2 -6 0 9 2 1 -9 -1 8 -1 9 -9 -4 -8 -8 0 2 8 -3 5 3 3 10 7 -10 4 -1 8 -3 -10 5 2 -7 1 3 5 -2 -1 9 -10 9 0 2 3 0 2 -8 6 -5 9 3 5 8 0 -5 1 0 -3 -5 4 8 -8 0 -10 -5 7 -9 -10 6 2 2 10 -9 4 -10 7 6 1 -9 -7 5 6 -9 -5 -1 -10 -2 4 -2 6 2 7 -2 5 -10 -4 8 -5 -5 9 -2 -8 2 -9 -5 -10 4 -3 4 10 -9 9 -3 4 9 -9 -6 7 0 2 4 -2 9 -4 -10 7 1 -3 -6 3 3 3 -9 -5 2 5 2 -6 -3 -1 9 4 4 -7 5 1 5 -4 -8 9 10 -10 -7 -4 5 9 -7 1 -2 -1 -6 4 8 2 8 1 9 -4 6 1 -6 7 -3 -5 -7 -6 -5 4 0 7 3 5 -8 -3 -1 -9 10 -9 -7 -4 -3 -6 7 -6 5 -4 1 0 1 -8 -7 10 -9 4 3 -5 7 6 -6 -6 -6 -4 -8 7 -2 -7 -1 -2 9 -2 9 -10 1 -3 -7 -3 0 -1 7 10 3 4 -3 6 -9 -9 0 -3 -4 9 -3 -4 -7 0 -4 1 -10 6 8 3 6 3 4 7 -9 -10 -5 -7 1 -8 4 10 -4 -4 5 6 -2 8 2 2 1 6 9 7 -3 5 5 3 -5 5 -7 8 -7 -7 -9 0 10 -10 -7 4 -4 1 5 4 4 -3 2 -4 4 -6 4 10 4 -1 4 -7 -2 7 -8 3 -1 7 5 8 1 -7 9 4 -7 -7 -2 -8 -1 -2 7 3 2 -4 4 -3 7 -3 -7 2 -5 10 6 4 -4 6 2 -4 -9 9 -10 7 10 -10 3 3 -5 0 -8 -4 -4 -4 -5 6 -7 -1 -9 -5 5 -1 9 -1 7 -6 6 -6 6 -1 -10 1 -6 6 -2 9 0 6 4 7 5 2 0 -1 -7 3 0 7 -10 -3 -2 -2 0 5 2 -6 -1 -4 7 -2 6 -9 4 0 -6 -5 6 -1 10 -8 1 -6 8 -7 -3 2 10 1 -4 -2 -10 6 2 0 -7 -3 4 9 -4 -7 3 0 8 1 8 -10 0 0 4 0 3 3 -3 -7 -1 -3 5 3 1 6 -4 -9 -7 2 -5 -5 7 7 -4 1 -5 -9 -10 -6 5 -9 -4 8 -10 -8 -1 -2 7 -9 6 9 -9 0 -8 -6 3 6 -1 10 -5 5 -1 4 6 -3 -1 -6 8 -2 8 -3 -4 1 1 -5 9 -4 -9 1 -5 3 7 -5 2 -7 -6 8 3 -5 0 -1 -1 7 3 2 1 1 2 -8 -9 6 1 5 8 -5 2 2 -5 -1 1 -5 3 0 8 2 -3 3 3 -9 3 -7 -2 9 -3 3 6 -1 -2 -5 -3 -10 8 -8 6 -9 10 -9 -7 10 3 -3 7 -4 -2 -8 8 -4 4 -9 -9 -4 -3 6 0 5 2 6 3 -6 -4 -2 8 -6 -7 5 -8 2 -9 0 6 5 1 4 -1 -6 2 -6 -4 0 1 -5 7 -6 5 -7 -4 -9 8 10 4 5 -6 -4 -6 5 -10 10 9 8 -8 7 1 -4 6 -2 -10 -3 1 -1 6 -9 4 -5 -9 -5 -9 2 10 -10 8 -6 -4 -2 2 8 -3 6 -2 0 -10 2 -6 6 -3 4 -9 10 10 9 7 -9 6 -2 5 9 -10 -3 -10 -8 -2 -10 -6 0 -3 -9 2 10 -5 -4 -7 -3 -1 -6 1 1 2 -9 7 -9 -7 -7 -7 -7 -8 8 8 2 -7 -3 -2 -4 -2 0 -1 10














(18197, 1171360), (21655, 5234170), (22907, 2399498), (24555, 5684123), (30375, 1742371), (33499, 9059510), (34146, 2929241), (57942, 6695767), (59098, 7728512), (67188, 5198346), (75150, 3174783), (88905, 9449229), (106983, 3788365), (125771, 5325602), (145490, 7917388), (145642, 1281673), (154135, 8474642), (170716, 7941638), (174242, 4036389), (186216, 2133864), (190178, 1172577), (197121, 8284302), (227418, 7524804), (228141, 9773991), (247083, 7567819), (253934, 8197232), (280868, 2722462), (285638, 3694094), (285829, 4716305), (294469, 9021825), (312718, 4326358), (321153, 1313084), (329147, 9670527), (352851, 5917458), (361607, 5938348), (364596, 6215548), (369035, 5210228), (373750, 4096084), (375985, 4554876), (384007, 7197037), (392978, 9888931), (394284, 9421074), (404032, 1689803), (426983, 732290), (431467, 1436797), (444595, 1291825), (466330, 2077717), (489694, 3860175), (508075, 4052196), (512757, 7301581), (525166, 9731093), (529893, 8811654), (542542, 1513753), (544347, 422748), (550720, 5795442), (550781, 7463075), (555056, 1425138), (556032, 1119584), (572756, 4227724), (576183, 439364), (577897, 6233511), (579797, 7612970), (587435, 5710475), (600589, 263899), (609261, 6100896), (611432, 5980855), (616514, 1958439), (629410, 902601), (649987, 2810473), (663088, 8118823), (690314, 8739784), (699342, 3451523), (702680, 7885154), (705584, 4840037), (736317, 8699029), (745119, 4351697), (751279, 3644715), (753390, 9797531), (757817, 9479112), (760977, 1060392), (761691, 9899774), (782123, 8835490), (786285, 511954), (790278, 9900086), (847396, 794650), (847904, 4418569), (858497, 2616589), (859000, 8795974), (859571, 6955104), (860679, 7279585), (875996, 6831592), (888221, 7730601), (891413, 2602069), (892966, 4549558), (899930, 4882498), (900798, 5601597), (905524, 1343841), (920069, 3333417), (928484, 5254570), (930406, 2861739), (933234, 8629547), (977010, 2589264), (987170, 6622089), (1008539, 3130005), (1030460, 8685707), (1038509, 403740), (1045689, 7329757), (1050362, 8412577), (1059483, 5518370), (1072005, 8472633), (1079952, 570430), (1082057, 8769326), (1091728, 6664175), (1103879, 5746921), (1116001, 7742814), (1143964, 6007855), (1154574, 8826384), (1168782, 9580126), (1179573, 1969394), (1180407, 8427769), (1212470, 8509554), (1217200, 4245371), (1217453, 9160535), (1224316, 2924937), (1227933, 4443092), (1246755, 7015808), (1251846, 4623813), (1268598, 8732834), (1275317, 9739515), (1281681, 8811696), (1281759, 7969427), (1285583, 6696181), (1288011, 5551141), (1289366, 7205216), (1306075, 8117228), (1308980, 4610813), (1314026, 2181222), (1322465, 3531352), (1333247, 7191090), (1336721, 845225), (1375653, 4237949), (1376552, 2025555), (1384552, 9129707), (1395579, 6687162), (1397265, 3322043), (1405666, 1008516), (1410771, 3990504), (1415015, 1239888), (1416972, 9199438), (1419299, 1299282), (1426907, 6114498), (1457550, 4793657), (1463126, 7914335), (1467151, 1468393), (1489529, 4888468), (1500339, 6841467), (1504500, 2250168), (1525270, 6625940), (1549123, 3362354), (1577911, 649425), (1584374, 7890715), (1586209, 7140606), (1608226, 2498957), (1616149, 2429952), (1616201, 2370169), (1630254, 2263737), (1643709, 5193133), (1649689, 8653741), (1655258, 3966928), (1667599, 1262574), (1687165, 8321449), (1690481, 1556665), (1727275, 4372501), (1746386, 834295), (1748649, 1480734), (1755433, 7278656), (1764841, 6726027), (1765955, 556623), (1782448, 3231069), (1784336, 4407184), (1788750, 1554742), (1789716, 8837325), (1813396, 2549860), (1838118, 7463253), (1840334, 582947), (1848389, 5127202), (1862944, 2103956), (1863851, 4315570), (1879193, 6866930), (1889159, 3524524), (1903612, 7789877), (1905353, 4658630), (1907170, 4963842), (1910579, 1903671), (1911361, 1682655), (1931249, 6836257), (1967514, 7913950), (1973862, 5068124), (1977928, 3822499), (1981854, 1510985), (1987111, 2598062), (2031314, 9177894), (2041251, 7681062), (2045792, 8549792), (2052597, 9429758), (2057447, 3410325), (2061290, 3659000), (2066679, 8979047), (2075708, 2281349), (2079190, 7233625), (2081538, 8255431), (2085342, 6460181), (2100702, 2901366), (2101183, 2521463), (2111890, 2879296), (2124895, 3254980), (2152401, 8062605), (2161336, 5272058), (2209764, 2308024), (2211628, 4868073), (2216255, 7806451), (2220255, 52262), (2228331, 8889563), (2232848, 6729261), (2247546, 5762622), (2253295, 5974132), (2260830, 2290775), (2263216, 4007982), (2264022, 6797869), (2264032, 5723393), (2280427, 3206791), (2294158, 3750840), (2296723, 7465584), (2302982, 8504479), (2315783, 8347913), (2322648, 6677491), (2339237, 2111106), (2342266, 192960), (2344034, 3026192), (2355337, 1515883), (2371258, 8490938), (2375728, 9249179), (2379699, 5645732), (2389658, 9352456), (2391491, 9527781), (2393724, 9372932), (2409196, 8166424), (2419169, 8736800), (2419326, 4800197), (2431449, 8818361), (2432831, 283174), (2451180, 4932706), (2499146, 6341242), (2522091, 7914103), (2528493, 353545), (2530336, 50842), (2531075, 2055438), (2540935, 5925564), (2559129, 2445127), (2559408, 5232453), (2581542, 3607677), (2587481, 7955770), (2595642, 2759332), (2599309, 6564160), (2613838, 6192492), (2635029, 6364813), (2642874, 3703038), (2660319, 7003559), (2662491, 5151937), (2678664, 1435783), (2682125, 3773157), (2690419, 8049722), (2725349, 8814580), (2727760, 3061775), (2739562, 5021335), (2742826, 7821857), (2758625, 399520), (2770778, 9916641), (2772023, 8109341), (2779352, 6906075), (2802201, 5188642), (2815037, 888490), (2830539, 8935964), (2831738, 7063153), (2849558, 6531500), (2871633, 2989953), (2873413, 9303718), (2883029, 4104231), (2888083, 5453263), (2911830, 4515420), (2923031, 4988085), (2928991, 9706183), (2943900, 4847901), (2966687, 5427299), (2971144, 2833168), (2979288, 4380127), (2979300, 7557477), (2987419, 362942), (3016087, 4910441), (3018912, 9727477), (3038439, 9015121), (3041325, 3515556), (3042210, 9430332), (3056661, 9896349), (3067508, 782383), (3087202, 919889), (3106564, 7410056), (3110414, 2012661), (3111496, 904195), (3112222, 9320445), (3116204, 2903192), (3134165, 4378774), (3138990, 4290945), (3140991, 7371380), (3147754, 1710141), (3152556, 6796031), (3163260, 5329389), (3163680, 6056815), (3167008, 7262798), (3175044, 1490387), (3181027, 8751687), (3191311, 8086683), (3198134, 3513762), (3201317, 9152111), (3207720, 3071373), (3210424, 7356506), (3223109, 5100346), (3223239, 4809600), (3226973, 6508022), (3228109, 5594408), (3237505, 5175144), (3243625, 8522887), (3250599, 9325042), (3277232, 2382506), (3288934, 5029049), (3304200, 917845), (3316908, 2521862), (3334929, 4614486), (3340060, 4626744), (3347664, 4233064), (3351867, 920759), (3357039, 3126486), (3387453, 5784211), (3411912, 7549882), (3417980, 1606493), (3422437, 3806994), (3444642, 6948769), (3455601, 4797382), (3455816, 3489073), (3470281, 5738044), (3477175, 5620338), (3511093, 8254064), (3512915, 9778470), (3517116, 8481463), (3546523, 8564871), (3547509, 5808698), (3551838, 8875048), (3595055, 4719912), (3600358, 5879455), (3612862, 1226698), (3636264, 8500947), (3647078, 8417600), (3656486, 9456931), (3660681, 3336608), (3663469, 2977223), (3663996, 8394851), (3670544, 8387869), (3675050, 7743969), (3692662, 9675861), (3698470, 2024880), (3700536, 9577356), (3705098, 2843516), (3713360, 6743416), (3716023, 7432766), (3749823, 838472), (3757875, 4018599), (3774130, 8385093), (3789879, 8094107), (3801108, 959423), (3827904, 1083658), (3869469, 7517223), (3887739, 2714695), (3889703, 1133657), (3891448, 3692003), (3917445, 1321508), (3922343, 5316284), (3943757, 5820420), (3972178, 6180405), (3972471, 2530845), (3974604, 9878416), (3984679, 1376439), (3986855, 9900500), (3989222, 8843842), (3992406, 8495220), (3996891, 8922446), (3999103, 9278575), (4013543, 9016881), (4024177, 6128266), (4025585, 2756319), (4046680, 8621499), (4049736, 2692354), (4052056, 8904699), (4052148, 6738587), (4058864, 2942413), (4063454, 129825), (4087924, 6317081), (4089104, 8225320), (4098033, 7141949), (4124513, 8931177), (4152596, 7722803), (4153362, 5132462), (4159459, 9811132), (4189287, 7366831), (4198238, 6517782), (4199040, 2783006), (4211008, 377297), (4220465, 2210493), (4224090, 6602840), (4227972, 3965336), (4230833, 3596454), (4243311, 1616533), (4251126, 5720116), (4263040, 8398788), (4270230, 9230297), (4287714, 5248924), (4305228, 5475019), (4307571, 4504970), (4326497, 509458), (4340689, 4082612), (4345173, 5972772), (4348219, 1171830), (4353674, 1126652), (4358635, 5708392), (4361670, 7136160), (4369477, 9141164), (4373233, 2174039), (4375844, 9653484), (4378067, 2442403), (4409234, 7959435), (4410707, 8242457), (4449786, 4036739), (4479378, 3467468), (4488223, 9190176), (4491927, 8502882), (4498072, 6414216), (4499548, 7017307), (4505783, 6770093), (4508408, 8415337), (4509435, 1805216), (4510467, 4884317), (4513679, 6675706), (4519447, 4326799), (4520187, 115593), (4543814, 2969589), (4551212, 2510167), (4559803, 9541732), (4569951, 344582), (4601251, 6742766), (4601576, 3552647), (4607296, 5507770), (4615315, 2811080), (4621054, 8368602), (4622037, 1341257), (4622274, 4155091), (4625217, 9849435), (4648608, 4767564), (4672101, 6962559), (4685133, 8811069), (4698959, 1827405), (4701307, 1082856), (4706700, 9460495), (4717202, 8413213), (4742483, 4268227), (4748600, 9969382), (4776526, 8441231), (4782742, 8170782), (4789201, 1870316), (4804328, 6037986), (4811049, 2972524), (4827709, 7657901), (4829914, 8935157), (4833317, 2892071), (4834831, 3853979), (4836796, 3871554), (4841199, 3908710), (4842474, 5617177), (4849908, 7795484), (4876102, 9401580), (4876889, 1533558), (4885908, 1636257), (4891635, 8505357), (4930854, 1216273), (4946470, 5464173), (4951621, 9136892), (4952619, 3281393), (4956811, 8734001), (4959900, 2363528), (4962291, 9682520), (4966016, 7769983), (4971481, 4250743), (4975312, 282415), (4977924, 6105518), (4984869, 872728), (5001441, 9713452), (5009018, 5500336), (5011681, 4834536), (5015031, 7076646), (5032251, 2596013), (5037410, 1417624), (5039117, 7695723), (5048376, 3340045), (5050202, 6031465), (5054257, 5441753), (5059431, 4521050), (5089394, 1389844), (5089875, 3872424), (5090176, 8227553), (5092068, 6028132), (5103695, 7282377), (5105155, 4869530), (5124402, 3317649), (5125081, 1574913), (5126452, 6529796), (5147575, 80351), (5155824, 533970), (5159065, 1237861), (5166562, 9433259), (5175923, 5596936), (5187665, 6445372), (5195168, 6693957), (5207085, 1844739), (5208321, 2615215), (5221472, 2873737), (5224647, 5904117), (5231130, 1434690), (5232629, 2639461), (5257322, 586114), (5259155, 3694896), (5259402, 810431), (5290635, 2339453), (5291087, 3938130), (5294813, 3250982), (5295667, 3446494), (5305519, 4473544), (5310863, 1128513), (5316875, 6387776), (5323498, 4421996), (5326063, 1706209), (5327687, 1289720), (5350088, 4225151), (5358230, 1800315), (5358963, 7451166), (5370467, 52626), (5373980, 3187758), (5405702, 1092146), (5422735, 2785341), (5426564, 9145198), (5446788, 3249722), (5480333, 61551), (5505500, 1435613), (5506553, 6165955), (5515619, 4513388), (5516115, 3159742), (5517330, 6771636), (5522381, 3708660), (5529168, 4639471), (5536454, 7538840), (5545031, 3732726), (5545426, 8011668), (5551351, 2541055), (5552329, 9756864), (5552496, 5640336), (5554095, 9613002), (5562528, 8184685), (5564195, 3444004), (5602545, 3059676), (5628696, 3387511), (5634786, 2554832), (5647739, 5496165), (5657479, 1082371), (5672919, 9206042), (5675453, 121675), (5681680, 3661111), (5688279, 8054925), (5708558, 4222926), (5721360, 9759513), (5721927, 6256458), (5737224, 3283655), (5756770, 7701199), (5768509, 5029733), (5769473, 9963155), (5770838, 6666611), (5783688, 4074029), (5789521, 6479591), (5801826, 7229599), (5834041, 7937739), (5838240, 7676171), (5860533, 3656743), (5861703, 8784405), (5863328, 9308358), (5890036, 2379950), (5896055, 2945014), (5900706, 7621996), (5906982, 4668468), (5908303, 1066133), (5923087, 7175296), (5939237, 3092845), (5943068, 2963099), (5945472, 5027199), (5967504, 7978314), (5982884, 6661904), (5989874, 3377820), (6002496, 1591655), (6016346, 9476582), (6026406, 8185792), (6030200, 6147082), (6034179, 4340861), (6036300, 479226), (6079771, 3559226), (6087036, 8455206), (6088546, 3769141), (6102312, 8043617), (6107347, 1203163), (6111688, 9913179), (6113242, 1913202), (6131106, 1538319), (6133073, 5256782), (6133539, 6293271), (6135670, 9565413), (6139787, 3889007), (6149603, 5382241), (6161791, 7222469), (6168660, 4537649), (6169175, 9572207), (6170526, 4035630), (6170928, 8504811), (6186730, 8469181), (6188249, 71736), (6190203, 7552643), (6208913, 8783288), (6212456, 7425445), (6213145, 2762700), (6215924, 4282536), (6239660, 4096899), (6240654, 7478544), (6249870, 7146554), (6282700, 8345254), (6284896, 272884), (6289021, 8409536), (6318149, 2017465), (6318933, 7320668), (6329188, 1240236), (6331248, 2260996), (6354843, 6494430), (6356519, 3066528), (6358925, 6370865), (6366346, 5826218), (6367587, 2673416), (6372937, 3981301), (6378873, 251670), (6392408, 8777528), (6393848, 7577986), (6410546, 7357686), (6414910, 4672215), (6415818, 2434407), (6416347, 6098636), (6427025, 6479920), (6433126, 7802404), (6450630, 723838), (6451516, 4462584), (6453945, 3691815), (6470584, 6093519), (6472162, 1613479), (6479124, 1024021), (6480944, 9739264), (6486028, 8021913), (6492883, 4214574), (6501451, 1329064), (6515644, 4157777), (6518239, 5862447), (6520443, 9228306), (6542875, 1361223), (6594873, 5647782), (6600751, 8126376), (6613119, 2496272), (6616186, 1963232), (6623143, 1715332), (6628375, 9806344), (6629249, 5318774), (6631687, 2322375), (6635530, 9360170), (6644826, 7163978), (6660405, 2283575), (6661781, 8081645), (6678497, 7232017), (6682862, 7062064), (6693352, 3417433), (6708625, 4852475), (6722889, 8304140), (6728840, 2863234), (6729361, 2598803), (6739032, 6924907), (6747763, 483550), (6748331, 9613696), (6749318, 6832548), (6755060, 8655710), (6756876, 6146401), (6772336, 1541818), (6774456, 7279976), (6779382, 8595354), (6782590, 7863766), (6786913, 3606123), (6787132, 7118314), (6789562, 4557405), (6809200, 260246), (6836408, 3115773), (6883217, 8395955), (6887579, 8978077), (6897182, 7519717), (6906737, 7136528), (6920551, 557564), (6931145, 818963), (6941152, 8788021), (6946016, 6593527), (6950749, 2495774), (6965747, 1465736), (6969679, 7247595), (7001810, 6753218), (7005050, 7728093), (7043445, 3620271), (7045035, 2983014), (7053212, 6393993), (7070137, 46663), (7073404, 2830904), (7126207, 4973270), (7131274, 8290937), (7161084, 6888496), (7167109, 8769488), (7183958, 8878831), (7199747, 3550177), (7200157, 6739812), (7202643, 297156), (7214040, 8245621), (7224684, 8483924), (7238341, 3507459), (7240512, 4793862), (7245468, 6503031), (7251587, 8143623), (7266805, 227571), (7272345, 7533120), (7279239, 7900511), (7293823, 9145416), (7294157, 6556812), (7296723, 1034121), (7298227, 2260286), (7341195, 3222831), (7342129, 9574044), (7357696, 4303336), (7361451, 9000783), (7379931, 9225786), (7402044, 1483724), (7441663, 595031), (7443974, 2762898), (7448227, 9936448), (7475165, 9303418), (7477058, 8156901), (7491364, 4677374), (7497230, 7359180), (7553788, 9685303), (7583905, 527355), (7586744, 7635376), (7612184, 9776261), (7628567, 8698672), (7633663, 3426735), (7650176, 1952967), (7670986, 7651828), (7678722, 7927461), (7680203, 985640), (7686212, 5041607), (7688192, 7135586), (7695351, 5384373), (7710465, 2036003), (7734477, 9352517), (7755147, 944602), (7755352, 7767113), (7798072, 2801348), (7799906, 932392), (7804410, 7297960), (7807082, 5767232), (7817636, 7401418), (7822033, 3907963), (7831559, 2130218), (7847928, 672758), (7851587, 2610367), (7868399, 5472260), (7870035, 5466610), (7871121, 3410954), (7873274, 3842528), (7878850, 942598), (7915570, 56568), (7918685, 7746610), (7941226, 3219653), (7945112, 5865578), (7946494, 5478352), (7960827, 5705610), (7962429, 9576985), (7968351, 9449457), (7976468, 2534914), (7978617, 4269406), (7982012, 5861522), (7996581, 4170201), (8002099, 4335418), (8007383, 5165641), (8034267, 4654183), (8042926, 8183497), (8052842, 9597569), (8089777, 9450450), (8095466, 3132552), (8113379, 1026074), (8165486, 9390090), (8168939, 9818537), (8181140, 2549747), (8190274, 4018737), (8190664, 2592123), (8202920, 2493947), (8203874, 2934520), (8209342, 1034640), (8218362, 9644985), (8247167, 194122), (8256948, 2905501), (8277421, 6763905), (8297334, 8430049), (8306035, 7577437), (8309662, 664297), (8312548, 4522419), (8314609, 2879163), (8322510, 6182568), (8341804, 9443358), (8342163, 315916), (8363952, 4922772), (8367561, 9452544), (8382076, 2480521), (8399643, 8779306), (8400352, 2034413), (8403695, 6036595), (8435063, 3621209), (8456893, 1957936), (8463453, 9438810), (8470743, 9964432), (8478121, 8882942), (8486673, 602861), (8492487, 5741586), (8499205, 6517174), (8507186, 9859296), (8523741, 8569557), (8526030, 4652815), (8527535, 9677364), (8529789, 3029514), (8533807, 9900080), (8544169, 930615), (8570386, 7557857), (8575019, 8631846), (8578432, 3288538), (8580497, 4907041), (8594744, 9438550), (8595125, 5197891), (8600400, 697211), (8608812, 43900), (8611843, 7693819), (8613160, 6961889), (8661111, 5333560), (8661439, 4919810), (8679801, 3797923), (8681729, 5136211), (8684232, 8946178), (8702568, 3777654), (8711976, 3525889), (8713256, 6767946), (8731354, 2971982), (8738963, 7141503), (8744507, 5785261), (8751975, 6691154), (8754680, 9009928), (8762681, 1831360), (8771556, 7062985), (8781180, 9155702), (8804067, 5456616), (8805574, 2236160), (8821084, 7524199), (8825975, 8507303), (8832666, 1172940), (8857730, 2988006), (8880728, 3550967), (8881834, 9162168), (8892358, 8376153), (8892412, 5382990), (8912277, 7294056), (8914251, 3059589), (8931973, 6486399), (8933353, 3550679), (8947030, 909523), (8952378, 6751957), (8969674, 2240861), (8995229, 9749968), (9000008, 1486791), (9017560, 1788996), (9045980, 1511703), (9055160, 8616494), (9103387, 1593362), (9105286, 4274182), (9109188, 5538383), (9118512, 609940), (9157170, 6265337), (9171876, 6374246), (9174305, 6035293), (9180314, 9828724), (9209479, 2520305), (9230271, 1158032), (9242803, 48311), (9253985, 1376539), (9261714, 63267), (9283629, 1327128), (9290876, 1872691), (9300296, 8427392), (9309904, 2614880), (9372378, 218835), (9377237, 5425117), (9402397, 8000923), (9407898, 2675510), (9414015, 6197955), (9425683, 7026252), (9430978, 1046993), (9443273, 2445967), (9445235, 4989383), (9455509, 3832501), (9462524, 7977819), (9467880, 8284933), (9476355, 5484332), (9484257, 9530143), (9504178, 7306733), (9509470, 7742260), (9526583, 6821630), (9529541, 4564345), (9540014, 752461), (9543332, 1604287), (9559225, 2977625), (9569016, 7397562), (9585468, 3279728), (9590958, 9997984), (9594300, 2624459), (9597679, 4690816), (9610413, 3911489), (9612093, 5256558), (9613861, 9044803), (9616612, 7978805), (9619967, 3864901), (9620126, 1723752), (9627767, 663192), (9630904, 5126509), (9638420, 4682317), (9657055, 6925776), (9661870, 3047422), (9668169, 1411132), (9673276, 284317), (9682420, 865318), (9701301, 2401186), (9704395, 2623468), (9710860, 5623063), (9722391, 4441271), (9731776, 7136670), (9739047, 8583535), (9745315, 7229533), (9747716, 1133325), (9751300, 9870787), (9765342, 613951), (9802880, 2442875), (9804282, 101273), (9806821, 4864398), (9821179, 8816218), (9821186, 5480959), (9822014, 142769), (9853550, 6776736), (9859493, 3986024), (9864028, 5407591), (9866304, 5339779), (9882270, 3816685), (9901684, 3700255), (9904734, 1896577), (9920006, 3544538), (9923929, 7418770), (9924496, 6882056), (9938624, 1227141), (9973168, 2557351), (9973852, 8869463), (9979989, 3340998), (9994792, 6439922), (9995572, 6877249), (9999552, 7621541), (10008402, 8657161), (10009834, 8267761)






