

14 6 
-4 -6 -1 -1 -1 -1 -1 -5 -7 -3 -15 -5 -9 -1 -3 -7 -13 -7 -4 -4 -2
-4 -6 -1 -1 -1 -1 -1 -5 -7 -3 -15 -5 -9 -1 -3 -7 -13 -7 -4 -4 -2
-4 -6 -1 -1 -1 -1 -1 -5 -7 -3 -15 -5 -9 -1 -3 -7 -13 -7 -4 -4 -2
-4 -6 -1 -1 -1 -1 -1 -5 -7 -3 -15 -5 -9 -1 -3 -7 -13 -7 -4 -4 -2
-4 -6 -1 -1 -1 -1 -1 -5 -7 -3 -15 -5 -9 -1 -3 -7 -13 -7 -4 -4 -2
-4 -6 -1 -1 -1 -1 -1 -5 -7 -3 -15 -5 -9 -1 -3 -7 -13 -7 -4 -4 -2
-4 -6 -1 -1 -1 -1 -1 -5 -7 -3 -15 -5 -9 -1 -3 -7 -13 -7 -4 -4 -2
-4 -6 -1 -1 -1 -1 -1 -5 -7 -3 -15 -5 -9 -1 -3 -7 -13 -7 -4 -4 -2
-4 -6 -1 -1 -1 -1 -1 -5 -7 -3 -15 -5 -9 -1 -3 -7 -13 -7 -4 -4 -2
-4 -6 -1 -1 -1 -1 -1 -5 -7 -3 -15 -5 -9 -1 -3 -7 -13 -7 -4 -4 -2
-40 -60 -10 -10 -10 -10 -10 -50 -70 -30 -150 -50 -90 -10 -30 -70 -130 -70 -40 -40 -20
-40 -60 -10 -10 -10 -10 -10 -50 -70 -30 -150 -50 -90 -10 -30 -70 -130 -70 -40 -40 -20
-40 -60 -10 -10 -10 -10 -10 -50 -70 -30 -150 -50 -90 -10 -30 -70 -130 -70 -40 -40 -20
-40 -60 -10 -10 -10 -10 -10 -50 -70 -30 -150 -50 -90 -10 -30 -70 -130 -70 -40 -40 -20
-40 -60 -10 -10 -10 -10 -10 -50 -70 -30 -150 -50 -90 -10 -30 -70 -130 -70 -40 -40 -20
-40 -60 -10 -10 -10 -10 -10 -50 -70 -30 -150 -50 -90 -10 -30 -70 -130 -70 -40 -40 -20
-40 -60 -10 -10 -10 -10 -10 -50 -70 -30 -150 -50 -90 -10 -30 -70 -130 -70 -40 -40 -20
-40 -60 -10 -10 -10 -10 -10 -50 -70 -30 -150 -50 -90 -10 -30 -70 -130 -70 -40 -40 -20
-40 -60 -10 -10 -10 -10 -10 -50 -70 -30 -150 -50 -90 -10 -30 -70 -130 -70 -40 -40 -20



-40 -60 -10 -10 -10 -10 -10 -50 -70 -30 -150 -50 -90 -10 -30 -70 -130 -70 -40 -40 -20
-40 -60 -10 -10 -10 -10 -10 -50 -70 -30 -150 -50 -90 -10 -30 -70 -130 -70 -40 -40 -20
-40 -60 -10 -10 -10 -10 -10 -50 -70 -30 -150 -50 -90 -10 -30 -70 -130 -70 -40 -40 -20
-40 -60 -10 -10 -10 -10 -10 -50 -70 -30 -150 -50 -90 -10 -30 -70 -130 -70 -40 -40 -20
-40 -60 -10 -10 -10 -10 -10 -50 -70 -30 -150 -50 -90 -10 -30 -70 -130 -70 -40 -40 -20
-40 -60 -10 -10 -10 -10 -10 -50 -70 -30 -150 -50 -90 -10 -30 -70 -130 -70 -40 -40 -20
-40 -60 -10 -10 -10 -10 -10 -50 -70 -30 -150 -50 -90 -10 -30 -70 -130 -70 -40 -40 -20
-40 -60 -10 -10 -10 -10 -10 -50 -70 -30 -150 -50 -90 -10 -30 -70 -130 -70 -40 -40 -20
-40 -60 -10 -10 -10 -10 -10 -50 -70 -30 -150 -50 -90 -10 -30 -70 -130 -70 -40 -40 -20
-4 -6 -1 -1 -1 -1 -1 -5 -7 -3 -15 -5 -9 -1 -3 -7 -13 -7 -4 -4 -2
-4 -6 -1 -1 -1 -1 -1 -5 -7 -3 -15 -5 -9 -1 -3 -7 -13 -7 -4 -4 -2
-4 -6 -1 -1 -1 -1 -1 -5 -7 -3 -15 -5 -9 -1 -3 -7 -13 -7 -4 -4 -2
-4 -6 -1 -1 -1 -1 -1 -5 -7 -3 -15 -5 -9 -1 -3 -7 -13 -7 -4 -4 -2
-4 -6 -1 -1 -1 -1 -1 -5 -7 -3 -15 -5 -9 -1 -3 -7 -13 -7 -4 -4 -2
-4 -6 -1 -1 -1 -1 -1 -5 -7 -3 -15 -5 -9 -1 -3 -7 -13 -7 -4 -4 -2
-4 -6 -1 -1 -1 -1 -1 -5 -7 -3 -15 -5 -9 -1 -3 -7 -13 -7 -4 -4 -2
-4 -6 -1 -1 -1 -1 -1 -5 -7 -3 -15 -5 -9 -1 -3 -7 -13 -7 -4 -4 -2
-4 -6 -1 -1 -1 -1 -1 -5 -7 -3 -15 -5 -9 -1 -3 -7 -13 -7 -4 -4 -2
-4 -6 -1 -1 -1 -1 -1 -5 -7 -3 -15 -5 -9 -1 -3 -7 -13 -7 -4 -4 -2 10 10


(100, 25), (109, 25), (118, 25), (127, 25), (136, 25), (145, 25), (154, 25), (163, 25), (172, 25), (181, 25), (190, 25), (199, 25), (208, 25), (217, 25), (226, 25), (235, 25), (244, 25), (253, 25), (262, 25), (271, 25), (280, 25), (289, 25), (298, 25), (307, 25), (316, 25), (325, 25), (334, 25), (343, 25), (352, 25), (361, 25), (370, 25), (379, 25), (388, 25), (397, 25), (406, 25), (415, 25), (424, 25), (433, 25), (442, 25), (451, 25), (460, 25), (469, 25), (478, 25), (487, 25), (496, 25), (505, 25), (514, 25), (523, 25), (532, 25), (541, 25), (550, 25), (559, 25), (568, 25), (577, 25), (586, 25), (595, 25), (604, 25), (613, 25), (622, 25), (631, 25), (640, 25), (649, 25), (658, 25), (667, 25), (676, 25), (685, 25), (694, 25), (703, 25), (712, 25), (721, 25), (730, 25), (739, 25), (748, 25), (757, 25), (766, 25), (775, 25), (784, 25), (793, 25), (802, 25), (811, 25), (820, 25), (829, 25), (838, 25), (847, 25), (856, 25), (865, 25), (874, 25), (883, 25), (892, 25), (901, 25), (910, 25), (919, 25), (928, 25), (937, 25), (946, 25), (955, 25), (964, 25), (973, 25), (982, 25), (991, 25), (1000, 25), (1009, 25), (1018, 25), (1027, 25), (1036, 25), (1045, 25), (1054, 25), (1063, 25), (1072, 25), (1081, 25), (1090, 25), (1099, 25), (1108, 25), (1117, 25), (1126, 25), (1135, 25), (1144, 25), (1153, 25), (1162, 25), (1171, 25), (1180, 25), (1189, 25), (1198, 25), (1207, 25), (1216, 25), (1225, 25), (1234, 25), (1243, 25), (1252, 25), (1261, 25), (1270, 25), (1279, 25), (1288, 25), (1297, 25), (1306, 25), (1315, 25), (1324, 25), (1333, 25), (1342, 25), (1351, 25), (1360, 25), (1369, 25), (1378, 25), (1387, 25), (1396, 25), (1405, 25), (1414, 25), (1423, 25), (1432, 25), (1441, 25), (1450, 25), (1459, 25), (1468, 25), (1477, 25), (1486, 25), (1495, 25), (1504, 25), (1513, 25), (1522, 25), (1531, 25), (1540, 25), (1549, 25), (1558, 25), (1567, 25), (1576, 25), (1585, 25), (1594, 25), (1603, 25), (1612, 25), (1621, 25), (1630, 25), (1639, 25), (1648, 25), (1657, 25), (1666, 25), (1675, 25), (1684, 25), (1693, 25), (1702, 25), (1711, 25), (1720, 25), (1729, 25), (1738, 25), (1747, 25), (1756, 25), (1765, 25), (1774, 25), (1783, 25), (1792, 25), (1801, 25), (1810, 25), (1819, 25), (1828, 25), (1837, 25), (1846, 25), (1855, 25), (1864, 25), (1873, 25), (1882, 25), (1891, 25), (1900, 25), (1909, 25), (1918, 25), (1927, 25), (1936, 25), (1945, 25), (1954, 25), (1963, 25), (1972, 25), (1981, 25), (1990, 25), (1999, 25), (2008, 25), (2017, 25), (2026, 25), (2035, 25), (2044, 25), (2053, 25), (2062, 25), (2071, 25), (2080, 25), (2089, 25), (2098, 25), (2107, 25), (2116, 25), (2125, 25), (2134, 25), (2143, 25), (2152, 25), (2161, 25), (2170, 25), (2179, 25), (2188, 25), (2197, 25), (2206, 25), (2215, 25), (2224, 25), (2233, 25), (2242, 25), (2251, 25), (2260, 25), (2269, 25), (2278, 25), (2287, 25), (2296, 25), (2305, 25), (2314, 25), (2323, 25), (2332, 25), (2341, 25), (2350, 25), (2359, 25), (2368, 25), (2377, 25), (2386, 25), (2395, 25), (2404, 25), (2413, 25), (2422, 25), (2431, 25), (2440, 25), (2449, 25), (2458, 25), (2467, 25), (2476, 25), (2485, 25), (2494, 25), (2503, 25), (2512, 25), (2521, 25), (2530, 25), (2539, 25), (2548, 25), (2557, 25), (2566, 25), (2575, 25), (2584, 25), (2593, 25), (2602, 25), (2611, 25), (2620, 25), (2629, 25), (2638, 25), (2647, 25), (2656, 25), (2665, 25), (2674, 25), (2683, 25), (2692, 25), (2701, 25), (2710, 25), (2719, 25), (2728, 25), (2737, 25), (2746, 25), (2755, 25), (2764, 25), (2773, 25), (2782, 25), (2791, 25), (2800, 25), (2809, 25), (2818, 25), (2827, 25), (2836, 25), (2845, 25), (2854, 25), (2863, 25), (2872, 25), (2881, 25), (2890, 25), (2899, 25), (2908, 25), (2917, 25), (2926, 25), (2935, 25), (2944, 25), (2953, 25), (2962, 25), (2971, 25), (2980, 25), (2989, 25), (2998, 25), (3007, 25), (3016, 25), (3025, 25), (3034, 25), (3043, 25), (3052, 25), (3061, 25), (3070, 25), (3079, 25), (3088, 25), (3097, 25), (3106, 25), (3115, 25), (3124, 25), (3133, 25), (3142, 25), (3151, 25), (3160, 25), (3169, 25), (3178, 25), (3187, 25), (3196, 25), (3205, 25), (3214, 25), (3223, 25), (3232, 25), (3241, 25), (3250, 25), (3259, 25), (3268, 25), (3277, 25), (3286, 25), (3295, 25), (3304, 25), (3313, 25), (3322, 25), (3331, 25), (3340, 25), (3349, 25), (3358, 25), (3367, 25), (3376, 25), (3385, 25), (3394, 25), (3403, 25), (3412, 25), (3421, 25), (3430, 25), (3439, 25), (3448, 25), (3457, 25), (3466, 25), (3475, 25), (3484, 25), (3493, 25), (3502, 25), (3511, 25), (3520, 25), (3529, 25), (3538, 25), (3547, 25), (3556, 25), (3565, 25), (3574, 25), (3583, 25), (3592, 25), (3601, 25), (3610, 25), (3619, 25), (3628, 25), (3637, 25), (3646, 25), (3655, 25), (3664, 25), (3673, 25), (3682, 25), (3691, 25), (3700, 25), (3709, 25), (3718, 25), (3727, 25), (3736, 25), (3745, 25), (3754, 25), (3763, 25), (3772, 25), (3781, 25), (3790, 25), (3799, 25), (3808, 25), (3817, 25), (3826, 25), (3835, 25), (3844, 25), (3853, 25), (3862, 25), (3871, 25), (3880, 25), (3889, 25), (3898, 25), (3907, 25), (3916, 25), (3925, 25), (3934, 25), (3943, 25), (3952, 25), (3961, 25), (3970, 25), (3979, 25), (3988, 25), (3997, 25), (4006, 25), (4015, 25), (4024, 25), (4033, 25), (4042, 25), (4051, 25), (4060, 25), (4069, 25), (4078, 25), (4087, 25), (4096, 25), (4105, 25), (4114, 25), (4123, 25), (4132, 25), (4141, 25), (4150, 25), (4159, 25), (4168, 25), (4177, 25), (4186, 25), (4195, 25), (4204, 25), (4213, 25), (4222, 25), (4231, 25), (4240, 25), (4249, 25), (4258, 25), (4267, 25), (4276, 25), (4285, 25), (4294, 25), (4303, 25), (4312, 25), (4321, 25), (4330, 25), (4339, 25), (4348, 25), (4357, 25), (4366, 25), (4375, 25), (4384, 25), (4393, 25), (4402, 25), (4411, 25), (4420, 25), (4429, 25), (4438, 25), (4447, 25), (4456, 25), (4465, 25), (4474, 25), (4483, 25), (4492, 25), (4501, 25), (4510, 25), (4519, 25), (4528, 25), (4537, 25), (4546, 25), (4555, 25), (4564, 25), (4573, 25), (4582, 25), (4591, 25), (4600, 25), (4609, 25), (4618, 25), (4627, 25), (4636, 25), (4645, 25), (4654, 25), (4663, 25), (4672, 25), (4681, 25), (4690, 25), (4699, 25), (4708, 25), (4717, 25), (4726, 25), (4735, 25), (4744, 25), (4753, 25), (4762, 25), (4771, 25), (4780, 25), (4789, 25), (4798, 25), (4807, 25), (4816, 25), (4825, 25), (4834, 25), (4843, 25), (4852, 25), (4861, 25), (4870, 25), (4879, 25), (4888, 25), (4897, 25), (4906, 25), (4915, 25), (4924, 25), (4933, 25), (4942, 25), (4951, 25), (4960, 25), (4969, 25), (4978, 25), (4987, 25), (4996, 25), (5005, 25), (5014, 25), (5023, 25), (5032, 25), (5041, 25), (5050, 25), (5059, 25), (5068, 25), (5077, 25), (5086, 25), (5095, 25), (5104, 25), (5113, 25), (5122, 25), (5131, 25), (5140, 25), (5149, 25), (5158, 25), (5167, 25), (5176, 25), (5185, 25), (5194, 25), (5203, 25), (5212, 25), (5221, 25), (5230, 25), (5239, 25), (5248, 25), (5257, 25), (5266, 25), (5275, 25), (5284, 25), (5293, 25), (5302, 25), (5311, 25), (5320, 25), (5329, 25), (5338, 25), (5347, 25), (5356, 25), (5365, 25), (5374, 25), (5383, 25), (5392, 25), (5401, 25), (5410, 25), (5419, 25), (5428, 25), (5437, 25), (5446, 25), (5455, 25), (5464, 25), (5473, 25), (5482, 25), (5491, 25), (5500, 25), (5509, 25), (5518, 25), (5527, 25), (5536, 25), (5545, 25), (5554, 25), (5563, 25), (5572, 25), (5581, 25), (5590, 25), (5599, 25), (5608, 25), (5617, 25), (5626, 25), (5635, 25), (5644, 25), (5653, 25), (5662, 25), (5671, 25), (5680, 25), (5689, 25), (5698, 25), (5707, 25), (5716, 25), (5725, 25), (5734, 25), (5743, 25), (5752, 25), (5761, 25), (5770, 25), (5779, 25), (5788, 25), (5797, 25), (5806, 25), (5815, 25), (5824, 25), (5833, 25), (5842, 25), (5851, 25), (5860, 25), (5869, 25), (5878, 25), (5887, 25), (5896, 25), (5905, 25), (5914, 25), (5923, 25), (5932, 25), (5941, 25), (5950, 25), (5959, 25), (5968, 25), (5977, 25), (5986, 25), (5995, 25), (6004, 25), (6013, 25), (6022, 25), (6031, 25), (6040, 25), (6049, 25), (6058, 25), (6067, 25), (6076, 25), (6085, 25), (6094, 25), (6103, 25), (6112, 25), (6121, 25), (6130, 25), (6139, 25), (6148, 25), (6157, 25), (6166, 25), (6175, 25), (6184, 25), (6193, 25), (6202, 25), (6211, 25), (6220, 25), (6229, 25), (6238, 25), (6247, 25), (6256, 25), (6265, 25), (6274, 25), (6283, 25), (6292, 25), (6301, 25), (6310, 25), (6319, 25), (6328, 25), (6337, 25), (6346, 25), (6355, 25), (6364, 25), (6373, 25), (6382, 25), (6391, 25), (6400, 25), (6409, 25), (6418, 25), (6427, 25), (6436, 25), (6445, 25), (6454, 25), (6463, 25), (6472, 25), (6481, 25), (6490, 25), (6499, 25), (6508, 25), (6517, 25), (6526, 25), (6535, 25), (6544, 25), (6553, 25), (6562, 25), (6571, 25), (6580, 25), (6589, 25), (6598, 25), (6607, 25), (6616, 25), (6625, 25), (6634, 25), (6643, 25), (6652, 25), (6661, 25), (6670, 25), (6679, 25), (6688, 25), (6697, 25), (6706, 25), (6715, 25), (6724, 25), (6733, 25), (6742, 25), (6751, 25), (6760, 25), (6769, 25), (6778, 25), (6787, 25), (6796, 25), (6805, 25), (6814, 25), (6823, 25), (6832, 25), (6841, 25), (6850, 25), (6859, 25), (6868, 25), (6877, 25), (6886, 25), (6895, 25), (6904, 25), (6913, 25), (6922, 25), (6931, 25), (6940, 25), (6949, 25), (6958, 25), (6967, 25), (6976, 25), (6985, 25), (6994, 25), (7003, 25), (7012, 25), (7021, 25), (7030, 25), (7039, 25), (7048, 25), (7057, 25), (7066, 25), (7075, 25), (7084, 25), (7093, 25), (7102, 25), (7111, 25), (7120, 25), (7129, 25), (7138, 25), (7147, 25), (7156, 25), (7165, 25), (7174, 25), (7183, 25), (7192, 25), (7201, 25), (7210, 25), (7219, 25), (7228, 25), (7237, 25), (7246, 25), (7255, 25), (7264, 25), (7273, 25), (7282, 25), (7291, 25), (7300, 25), (7309, 25), (7318, 25), (7327, 25), (7336, 25), (7345, 25), (7354, 25), (7363, 25), (7372, 25), (7381, 25), (7390, 25), (7399, 25), (7408, 25), (7417, 25), (7426, 25), (7435, 25), (7444, 25), (7453, 25), (7462, 25), (7471, 25), (7480, 25), (7489, 25), (7498, 25), (7507, 25), (7516, 25), (7525, 25), (7534, 25), (7543, 25), (7552, 25), (7561, 25), (7570, 25), (7579, 25), (7588, 25), (7597, 25), (7606, 25), (7615, 25), (7624, 25), (7633, 25), (7642, 25), (7651, 25), (7660, 25), (7669, 25), (7678, 25), (7687, 25), (7696, 25), (7705, 25), (7714, 25), (7723, 25), (7732, 25), (7741, 25), (7750, 25), (7759, 25), (7768, 25), (7777, 25), (7786, 25), (7795, 25), (7804, 25), (7813, 25), (7822, 25), (7831, 25), (7840, 25), (7849, 25), (7858, 25), (7867, 25), (7876, 25), (7885, 25), (7894, 25), (7903, 25), (7912, 25), (7921, 25), (7930, 25), (7939, 25), (7948, 25), (7957, 25), (7966, 25), (7975, 25), (7984, 25), (7993, 25), (8002, 25), (8011, 25), (8020, 25), (8029, 25), (8038, 25), (8047, 25), (8056, 25), (8065, 25), (8074, 25), (8083, 25), (8092, 25), (8101, 25), (8110, 25), (8119, 25), (8128, 25), (8137, 25), (8146, 25), (8155, 25), (8164, 25), (8173, 25), (8182, 25), (8191, 25), (8200, 25), (8209, 25), (8218, 25), (8227, 25), (8236, 25), (8245, 25), (8254, 25), (8263, 25), (8272, 25), (8281, 25), (8290, 25), (8299, 25), (8308, 25), (8317, 25), (8326, 25), (8335, 25), (8344, 25), (8353, 25), (8362, 25), (8371, 25), (8380, 25), (8389, 25), (8398, 25), (8407, 25), (8416, 25), (8425, 25), (8434, 25), (8443, 25), (8452, 25), (8461, 25), (8470, 25), (8479, 25), (8488, 25), (8497, 25), (8506, 25), (8515, 25), (8524, 25), (8533, 25), (8542, 25), (8551, 25), (8560, 25), (8569, 25), (8578, 25), (8587, 25), (8596, 25), (8605, 25), (8614, 25), (8623, 25), (8632, 25), (8641, 25), (8650, 25), (8659, 25), (8668, 25), (8677, 25), (8686, 25), (8695, 25), (8704, 25), (8713, 25), (8722, 25), (8731, 25), (8740, 25), (8749, 25), (8758, 25), (8767, 25), (8776, 25), (8785, 25), (8794, 25), (8803, 25), (8812, 25), (8821, 25), (8830, 25), (8839, 25), (8848, 25), (8857, 25), (8866, 25), (8875, 25), (8884, 25), (8893, 25), (8902, 25), (8911, 25), (8920, 25), (8929, 25), (8938, 25), (8947, 25), (8956, 25), (8965, 25), (8974, 25), (8983, 25), (8992, 25), (9001, 25), (9010, 25), (9019, 25), (9028, 25), (9037, 25), (9046, 25), (9055, 25), (9064, 25), (9073, 25), (9082, 25), (9091, 25),
(100, 5), (109, 5), (118, 5), (127, 5), (136, 5), (145, 5), (154, 5), (163, 5), (172, 5), (181, 5), (190, 5), (199, 5), (208, 5), (217, 5), (226, 5), (235, 5), (244, 5), (253, 5), (262, 5), (271, 5), (280, 5), (289, 5), (298, 5), (307, 5), (316, 5), (325, 5), (334, 5), (343, 5), (352, 5), (361, 5), (370, 5), (379, 5), (388, 5), (397, 5), (406, 5), (415, 5), (424, 5), (433, 5), (442, 5), (451, 5), (460, 5), (469, 5), (478, 5), (487, 5), (496, 5), (505, 5), (514, 5), (523, 5), (532, 5), (541, 5), (550, 5), (559, 5), (568, 5), (577, 5), (586, 5), (595, 5), (604, 5), (613, 5), (622, 5), (631, 5), (640, 5), (649, 5), (658, 5), (667, 5), (676, 5), (685, 5), (694, 5), (703, 5), (712, 5), (721, 5), (730, 5), (739, 5), (748, 5), (757, 5), (766, 5), (775, 5), (784, 5), (793, 5), (802, 5), (811, 5), (820, 5), (829, 5), (838, 5), (847, 5), (856, 5), (865, 5), (874, 5), (883, 5), (892, 5), (901, 5), (910, 5), (919, 5), (928, 5), (937, 5), (946, 5), (955, 5), (964, 5), (973, 5), (982, 5), (991, 5), (1000, 5), (1009, 5), (1018, 5), (1027, 5), (1036, 5), (1045, 5), (1054, 5), (1063, 5), (1072, 5), (1081, 5), (1090, 5), (1099, 5), (1108, 5), (1117, 5), (1126, 5), (1135, 5), (1144, 5), (1153, 5), (1162, 5), (1171, 5), (1180, 5), (1189, 5), (1198, 5), (1207, 5), (1216, 5), (1225, 5), (1234, 5), (1243, 5), (1252, 5), (1261, 5), (1270, 5), (1279, 5), (1288, 5), (1297, 5), (1306, 5), (1315, 5), (1324, 5), (1333, 5), (1342, 5), (1351, 5), (1360, 5), (1369, 5), (1378, 5), (1387, 5), (1396, 5), (1405, 5), (1414, 5), (1423, 5), (1432, 5), (1441, 5), (1450, 5), (1459, 5), (1468, 5), (1477, 5), (1486, 5), (1495, 5), (1504, 5), (1513, 5), (1522, 5), (1531, 5), (1540, 5), (1549, 5), (1558, 5), (1567, 5), (1576, 5), (1585, 5), (1594, 5), (1603, 5), (1612, 5), (1621, 5), (1630, 5), (1639, 5), (1648, 5), (1657, 5), (1666, 5), (1675, 5), (1684, 5), (1693, 5), (1702, 5), (1711, 5), (1720, 5), (1729, 5), (1738, 5), (1747, 5), (1756, 5), (1765, 5), (1774, 5), (1783, 5), (1792, 5), (1801, 5), (1810, 5), (1819, 5), (1828, 5), (1837, 5), (1846, 5), (1855, 5), (1864, 5), (1873, 5), (1882, 5), (1891, 5), (1900, 5), (1909, 5), (1918, 5), (1927, 5), (1936, 5), (1945, 5), (1954, 5), (1963, 5), (1972, 5), (1981, 5), (1990, 5), (1999, 5), (2008, 5), (2017, 5), (2026, 5), (2035, 5), (2044, 5), (2053, 5), (2062, 5), (2071, 5), (2080, 5), (2089, 5), (2098, 5), (2107, 5), (2116, 5), (2125, 5), (2134, 5), (2143, 5), (2152, 5), (2161, 5), (2170, 5), (2179, 5), (2188, 5), (2197, 5), (2206, 5), (2215, 5), (2224, 5), (2233, 5), (2242, 5), (2251, 5), (2260, 5), (2269, 5), (2278, 5), (2287, 5), (2296, 5), (2305, 5), (2314, 5), (2323, 5), (2332, 5), (2341, 5), (2350, 5), (2359, 5), (2368, 5), (2377, 5), (2386, 5), (2395, 5), (2404, 5), (2413, 5), (2422, 5), (2431, 5), (2440, 5), (2449, 5), (2458, 5), (2467, 5), (2476, 5), (2485, 5), (2494, 5), (2503, 5), (2512, 5), (2521, 5), (2530, 5), (2539, 5), (2548, 5), (2557, 5), (2566, 5), (2575, 5), (2584, 5), (2593, 5), (2602, 5), (2611, 5), (2620, 5), (2629, 5), (2638, 5), (2647, 5), (2656, 5), (2665, 5), (2674, 5), (2683, 5), (2692, 5), (2701, 5), (2710, 5), (2719, 5), (2728, 5), (2737, 5), (2746, 5), (2755, 5), (2764, 5), (2773, 5), (2782, 5), (2791, 5), (2800, 5), (2809, 5), (2818, 5), (2827, 5), (2836, 5), (2845, 5), (2854, 5), (2863, 5), (2872, 5), (2881, 5), (2890, 5), (2899, 5), (2908, 5), (2917, 5), (2926, 5), (2935, 5), (2944, 5), (2953, 5), (2962, 5), (2971, 5), (2980, 5), (2989, 5), (2998, 5), (3007, 5), (3016, 5), (3025, 5), (3034, 5), (3043, 5), (3052, 5), (3061, 5), (3070, 5), (3079, 5), (3088, 5), (3097, 5), (3106, 5), (3115, 5), (3124, 5), (3133, 5), (3142, 5), (3151, 5), (3160, 5), (3169, 5), (3178, 5), (3187, 5), (3196, 5), (3205, 5), (3214, 5), (3223, 5), (3232, 5), (3241, 5), (3250, 5), (3259, 5), (3268, 5), (3277, 5), (3286, 5), (3295, 5), (3304, 5), (3313, 5), (3322, 5), (3331, 5), (3340, 5), (3349, 5), (3358, 5), (3367, 5), (3376, 5), (3385, 5), (3394, 5), (3403, 5), (3412, 5), (3421, 5), (3430, 5), (3439, 5), (3448, 5), (3457, 5), (3466, 5), (3475, 5), (3484, 5), (3493, 5), (3502, 5), (3511, 5), (3520, 5), (3529, 5), (3538, 5), (3547, 5), (3556, 5), (3565, 5), (3574, 5), (3583, 5), (3592, 5), (3601, 5), (3610, 5), (3619, 5), (3628, 5), (3637, 5), (3646, 5), (3655, 5), (3664, 5), (3673, 5), (3682, 5), (3691, 5), (3700, 5), (3709, 5), (3718, 5), (3727, 5), (3736, 5), (3745, 5), (3754, 5), (3763, 5), (3772, 5), (3781, 5), (3790, 5), (3799, 5), (3808, 5), (3817, 5), (3826, 5), (3835, 5), (3844, 5), (3853, 5), (3862, 5), (3871, 5), (3880, 5), (3889, 5), (3898, 5), (3907, 5), (3916, 5), (3925, 5), (3934, 5), (3943, 5), (3952, 5), (3961, 5), (3970, 5), (3979, 5), (3988, 5), (3997, 5), (4006, 5), (4015, 5), (4024, 5), (4033, 5), (4042, 5), (4051, 5), (4060, 5), (4069, 5), (4078, 5), (4087, 5), (4096, 5), (4105, 5), (4114, 5), (4123, 5), (4132, 5), (4141, 5), (4150, 5), (4159, 5), (4168, 5), (4177, 5), (4186, 5), (4195, 5), (4204, 5), (4213, 5), (4222, 5), (4231, 5), (4240, 5), (4249, 5), (4258, 5), (4267, 5), (4276, 5), (4285, 5), (4294, 5), (4303, 5), (4312, 5), (4321, 5), (4330, 5), (4339, 5), (4348, 5), (4357, 5), (4366, 5), (4375, 5), (4384, 5), (4393, 5), (4402, 5), (4411, 5), (4420, 5), (4429, 5), (4438, 5), (4447, 5), (4456, 5), (4465, 5), (4474, 5), (4483, 5), (4492, 5), (4501, 5), (4510, 5), (4519, 5), (4528, 5), (4537, 5), (4546, 5), (4555, 5), (4564, 5), (4573, 5), (4582, 5), (4591, 5), (4600, 5), (4609, 5), (4618, 5), (4627, 5), (4636, 5), (4645, 5), (4654, 5), (4663, 5), (4672, 5), (4681, 5), (4690, 5), (4699, 5), (4708, 5), (4717, 5), (4726, 5), (4735, 5), (4744, 5), (4753, 5), (4762, 5), (4771, 5), (4780, 5), (4789, 5), (4798, 5), (4807, 5), (4816, 5), (4825, 5), (4834, 5), (4843, 5), (4852, 5), (4861, 5), (4870, 5), (4879, 5), (4888, 5), (4897, 5), (4906, 5), (4915, 5), (4924, 5), (4933, 5), (4942, 5), (4951, 5), (4960, 5), (4969, 5), (4978, 5), (4987, 5), (4996, 5), (5005, 5), (5014, 5), (5023, 5), (5032, 5), (5041, 5), (5050, 5), (5059, 5), (5068, 5), (5077, 5), (5086, 5), (5095, 5), (5104, 5), (5113, 5), (5122, 5), (5131, 5), (5140, 5), (5149, 5), (5158, 5), (5167, 5), (5176, 5), (5185, 5), (5194, 5), (5203, 5), (5212, 5), (5221, 5), (5230, 5), (5239, 5), (5248, 5), (5257, 5), (5266, 5), (5275, 5), (5284, 5), (5293, 5), (5302, 5), (5311, 5), (5320, 5), (5329, 5), (5338, 5), (5347, 5), (5356, 5), (5365, 5), (5374, 5), (5383, 5), (5392, 5), (5401, 5), (5410, 5), (5419, 5), (5428, 5), (5437, 5), (5446, 5), (5455, 5), (5464, 5), (5473, 5), (5482, 5), (5491, 5), (5500, 5), (5509, 5), (5518, 5), (5527, 5), (5536, 5), (5545, 5), (5554, 5), (5563, 5), (5572, 5), (5581, 5), (5590, 5), (5599, 5), (5608, 5), (5617, 5), (5626, 5), (5635, 5), (5644, 5), (5653, 5), (5662, 5), (5671, 5), (5680, 5), (5689, 5), (5698, 5), (5707, 5), (5716, 5), (5725, 5), (5734, 5), (5743, 5), (5752, 5), (5761, 5), (5770, 5), (5779, 5), (5788, 5), (5797, 5), (5806, 5), (5815, 5), (5824, 5), (5833, 5), (5842, 5), (5851, 5), (5860, 5), (5869, 5), (5878, 5), (5887, 5), (5896, 5), (5905, 5), (5914, 5), (5923, 5), (5932, 5), (5941, 5), (5950, 5), (5959, 5), (5968, 5), (5977, 5), (5986, 5), (5995, 5), (6004, 5), (6013, 5), (6022, 5), (6031, 5), (6040, 5), (6049, 5), (6058, 5), (6067, 5), (6076, 5), (6085, 5), (6094, 5), (6103, 5), (6112, 5), (6121, 5), (6130, 5), (6139, 5), (6148, 5), (6157, 5), (6166, 5), (6175, 5), (6184, 5), (6193, 5), (6202, 5), (6211, 5), (6220, 5), (6229, 5), (6238, 5), (6247, 5), (6256, 5), (6265, 5), (6274, 5), (6283, 5), (6292, 5), (6301, 5), (6310, 5), (6319, 5), (6328, 5), (6337, 5), (6346, 5), (6355, 5), (6364, 5), (6373, 5), (6382, 5), (6391, 5), (6400, 5), (6409, 5), (6418, 5), (6427, 5), (6436, 5), (6445, 5), (6454, 5), (6463, 5), (6472, 5), (6481, 5), (6490, 5), (6499, 5), (6508, 5), (6517, 5), (6526, 5), (6535, 5), (6544, 5), (6553, 5), (6562, 5), (6571, 5), (6580, 5), (6589, 5), (6598, 5), (6607, 5), (6616, 5), (6625, 5), (6634, 5), (6643, 5), (6652, 5), (6661, 5), (6670, 5), (6679, 5), (6688, 5), (6697, 5), (6706, 5), (6715, 5), (6724, 5), (6733, 5), (6742, 5), (6751, 5), (6760, 5), (6769, 5), (6778, 5), (6787, 5), (6796, 5), (6805, 5), (6814, 5), (6823, 5), (6832, 5), (6841, 5), (6850, 5), (6859, 5), (6868, 5), (6877, 5), (6886, 5), (6895, 5), (6904, 5), (6913, 5), (6922, 5), (6931, 5), (6940, 5), (6949, 5), (6958, 5), (6967, 5), (6976, 5), (6985, 5), (6994, 5), (7003, 5), (7012, 5), (7021, 5), (7030, 5), (7039, 5), (7048, 5), (7057, 5), (7066, 5), (7075, 5), (7084, 5), (7093, 5), (7102, 5), (7111, 5), (7120, 5), (7129, 5), (7138, 5), (7147, 5), (7156, 5), (7165, 5), (7174, 5), (7183, 5), (7192, 5), (7201, 5), (7210, 5), (7219, 5), (7228, 5), (7237, 5), (7246, 5), (7255, 5), (7264, 5), (7273, 5), (7282, 5), (7291, 5), (7300, 5), (7309, 5), (7318, 5), (7327, 5), (7336, 5), (7345, 5), (7354, 5), (7363, 5), (7372, 5), (7381, 5), (7390, 5), (7399, 5), (7408, 5), (7417, 5), (7426, 5), (7435, 5), (7444, 5), (7453, 5), (7462, 5), (7471, 5), (7480, 5), (7489, 5), (7498, 5), (7507, 5), (7516, 5), (7525, 5), (7534, 5), (7543, 5), (7552, 5), (7561, 5), (7570, 5), (7579, 5), (7588, 5), (7597, 5), (7606, 5), (7615, 5), (7624, 5), (7633, 5), (7642, 5), (7651, 5), (7660, 5), (7669, 5), (7678, 5), (7687, 5), (7696, 5), (7705, 5), (7714, 5), (7723, 5), (7732, 5), (7741, 5), (7750, 5), (7759, 5), (7768, 5), (7777, 5), (7786, 5), (7795, 5), (7804, 5), (7813, 5), (7822, 5), (7831, 5), (7840, 5), (7849, 5), (7858, 5), (7867, 5), (7876, 5), (7885, 5), (7894, 5), (7903, 5), (7912, 5), (7921, 5), (7930, 5), (7939, 5), (7948, 5), (7957, 5), (7966, 5), (7975, 5), (7984, 5), (7993, 5), (8002, 5), (8011, 5), (8020, 5), (8029, 5), (8038, 5), (8047, 5), (8056, 5), (8065, 5), (8074, 5), (8083, 5), (8092, 5), (8101, 5), (8110, 5), (8119, 5), (8128, 5), (8137, 5), (8146, 5), (8155, 5), (8164, 5), (8173, 5), (8182, 5), (8191, 5), (8200, 5), (8209, 5), (8218, 5), (8227, 5), (8236, 5), (8245, 5), (8254, 5), (8263, 5), (8272, 5), (8281, 5), (8290, 5), (8299, 5), (8308, 5), (8317, 5), (8326, 5), (8335, 5), (8344, 5), (8353, 5), (8362, 5), (8371, 5), (8380, 5), (8389, 5), (8398, 5), (8407, 5), (8416, 5), (8425, 5), (8434, 5), (8443, 5), (8452, 5), (8461, 5), (8470, 5), (8479, 5), (8488, 5), (8497, 5), (8506, 5), (8515, 5), (8524, 5), (8533, 5), (8542, 5), (8551, 5), (8560, 5), (8569, 5), (8578, 5), (8587, 5), (8596, 5), (8605, 5), (8614, 5), (8623, 5), (8632, 5), (8641, 5), (8650, 5), (8659, 5), (8668, 5), (8677, 5), (8686, 5), (8695, 5), (8704, 5), (8713, 5), (8722, 5), (8731, 5), (8740, 5), (8749, 5), (8758, 5), (8767, 5), (8776, 5), (8785, 5), (8794, 5), (8803, 5), (8812, 5), (8821, 5), (8830, 5), (8839, 5), (8848, 5), (8857, 5), (8866, 5), (8875, 5), (8884, 5), (8893, 5), (8902, 5), (8911, 5), (8920, 5), (8929, 5), (8938, 5), (8947, 5), (8956, 5), (8965, 5), (8974, 5), (8983, 5), (8992, 5), (9001, 5), (9010, 5), (9019, 5), (9028, 5), (9037, 5), (9046, 5), (9055, 5), (9064, 5), (9073, 5), (9082, 5), (9091, 5),
(100, 10), (109, 10), (118, 10), (127, 10), (136, 10), (145, 10), (154, 10), (163, 10), (172, 10), (181, 10), (190, 10), (199, 10), (208, 10), (217, 10), (226, 10), (235, 10), (244, 10), (253, 10), (262, 10), (271, 10), (280, 10), (289, 10), (298, 10), (307, 10), (316, 10), (325, 10), (334, 10), (343, 10), (352, 10), (361, 10), (370, 10), (379, 10), (388, 10), (397, 10), (406, 10), (415, 10), (424, 10), (433, 10), (442, 10), (451, 10), (460, 10), (469, 10), (478, 10), (487, 10), (496, 10), (505, 10), (514, 10), (523, 10), (532, 10), (541, 10), (550, 10), (559, 10), (568, 10), (577, 10), (586, 10), (595, 10), (604, 10), (613, 10), (622, 10), (631, 10), (640, 10), (649, 10), (658, 10), (667, 10), (676, 10), (685, 10), (694, 10), (703, 10), (712, 10), (721, 10), (730, 10), (739, 10), (748, 10), (757, 10), (766, 10), (775, 10), (784, 10), (793, 10), (802, 10), (811, 10), (820, 10), (829, 10), (838, 10), (847, 10), (856, 10), (865, 10), (874, 10), (883, 10), (892, 10), (901, 10), (910, 10), (919, 10), (928, 10), (937, 10), (946, 10), (955, 10), (964, 10), (973, 10), (982, 10), (991, 10), (1000, 10), (1009, 10), (1018, 10), (1027, 10), (1036, 10), (1045, 10), (1054, 10), (1063, 10), (1072, 10), (1081, 10), (1090, 10), (1099, 10), (1108, 10), (1117, 10), (1126, 10), (1135, 10), (1144, 10), (1153, 10), (1162, 10), (1171, 10), (1180, 10), (1189, 10), (1198, 10), (1207, 10), (1216, 10), (1225, 10), (1234, 10), (1243, 10), (1252, 10), (1261, 10), (1270, 10), (1279, 10), (1288, 10), (1297, 10), (1306, 10), (1315, 10), (1324, 10), (1333, 10), (1342, 10), (1351, 10), (1360, 10), (1369, 10), (1378, 10), (1387, 10), (1396, 10), (1405, 10), (1414, 10), (1423, 10), (1432, 10), (1441, 10), (1450, 10), (1459, 10), (1468, 10), (1477, 10), (1486, 10), (1495, 10), (1504, 10), (1513, 10), (1522, 10), (1531, 10), (1540, 10), (1549, 10), (1558, 10), (1567, 10), (1576, 10), (1585, 10), (1594, 10), (1603, 10), (1612, 10), (1621, 10), (1630, 10), (1639, 10), (1648, 10), (1657, 10), (1666, 10), (1675, 10), (1684, 10), (1693, 10), (1702, 10), (1711, 10), (1720, 10), (1729, 10), (1738, 10), (1747, 10), (1756, 10), (1765, 10), (1774, 10), (1783, 10), (1792, 10), (1801, 10), (1810, 10), (1819, 10), (1828, 10), (1837, 10), (1846, 10), (1855, 10), (1864, 10), (1873, 10), (1882, 10), (1891, 10), (1900, 10), (1909, 10), (1918, 10), (1927, 10), (1936, 10), (1945, 10), (1954, 10), (1963, 10), (1972, 10), (1981, 10), (1990, 10), (1999, 10), (2008, 10), (2017, 10), (2026, 10), (2035, 10), (2044, 10), (2053, 10), (2062, 10), (2071, 10), (2080, 10), (2089, 10), (2098, 10), (2107, 10), (2116, 10), (2125, 10), (2134, 10), (2143, 10), (2152, 10), (2161, 10), (2170, 10), (2179, 10), (2188, 10), (2197, 10), (2206, 10), (2215, 10), (2224, 10), (2233, 10), (2242, 10), (2251, 10), (2260, 10), (2269, 10), (2278, 10), (2287, 10), (2296, 10), (2305, 10), (2314, 10), (2323, 10), (2332, 10), (2341, 10), (2350, 10), (2359, 10), (2368, 10), (2377, 10), (2386, 10), (2395, 10), (2404, 10), (2413, 10), (2422, 10), (2431, 10), (2440, 10), (2449, 10), (2458, 10), (2467, 10), (2476, 10), (2485, 10), (2494, 10), (2503, 10), (2512, 10), (2521, 10), (2530, 10), (2539, 10), (2548, 10), (2557, 10), (2566, 10), (2575, 10), (2584, 10), (2593, 10), (2602, 10), (2611, 10), (2620, 10), (2629, 10), (2638, 10), (2647, 10), (2656, 10), (2665, 10), (2674, 10), (2683, 10), (2692, 10), (2701, 10), (2710, 10), (2719, 10), (2728, 10), (2737, 10), (2746, 10), (2755, 10), (2764, 10), (2773, 10), (2782, 10), (2791, 10), (2800, 10), (2809, 10), (2818, 10), (2827, 10), (2836, 10), (2845, 10), (2854, 10), (2863, 10), (2872, 10), (2881, 10), (2890, 10), (2899, 10), (2908, 10), (2917, 10), (2926, 10), (2935, 10), (2944, 10), (2953, 10), (2962, 10), (2971, 10), (2980, 10), (2989, 10), (2998, 10), (3007, 10), (3016, 10), (3025, 10), (3034, 10), (3043, 10), (3052, 10), (3061, 10), (3070, 10), (3079, 10), (3088, 10), (3097, 10), (3106, 10), (3115, 10), (3124, 10), (3133, 10), (3142, 10), (3151, 10), (3160, 10), (3169, 10), (3178, 10), (3187, 10), (3196, 10), (3205, 10), (3214, 10), (3223, 10), (3232, 10), (3241, 10), (3250, 10), (3259, 10), (3268, 10), (3277, 10), (3286, 10), (3295, 10), (3304, 10), (3313, 10), (3322, 10), (3331, 10), (3340, 10), (3349, 10), (3358, 10), (3367, 10), (3376, 10), (3385, 10), (3394, 10), (3403, 10), (3412, 10), (3421, 10), (3430, 10), (3439, 10), (3448, 10), (3457, 10), (3466, 10), (3475, 10), (3484, 10), (3493, 10), (3502, 10), (3511, 10), (3520, 10), (3529, 10), (3538, 10), (3547, 10), (3556, 10), (3565, 10), (3574, 10), (3583, 10), (3592, 10), (3601, 10), (3610, 10), (3619, 10), (3628, 10), (3637, 10), (3646, 10), (3655, 10), (3664, 10), (3673, 10), (3682, 10), (3691, 10), (3700, 10), (3709, 10), (3718, 10), (3727, 10), (3736, 10), (3745, 10), (3754, 10), (3763, 10), (3772, 10), (3781, 10), (3790, 10), (3799, 10), (3808, 10), (3817, 10), (3826, 10), (3835, 10), (3844, 10), (3853, 10), (3862, 10), (3871, 10), (3880, 10), (3889, 10), (3898, 10), (3907, 10), (3916, 10), (3925, 10), (3934, 10), (3943, 10), (3952, 10), (3961, 10), (3970, 10), (3979, 10), (3988, 10), (3997, 10), (4006, 10), (4015, 10), (4024, 10), (4033, 10), (4042, 10), (4051, 10), (4060, 10), (4069, 10), (4078, 10), (4087, 10), (4096, 10), (4105, 10), (4114, 10), (4123, 10), (4132, 10), (4141, 10), (4150, 10), (4159, 10), (4168, 10), (4177, 10), (4186, 10), (4195, 10), (4204, 10), (4213, 10), (4222, 10), (4231, 10), (4240, 10), (4249, 10), (4258, 10), (4267, 10), (4276, 10), (4285, 10), (4294, 10), (4303, 10), (4312, 10), (4321, 10), (4330, 10), (4339, 10), (4348, 10), (4357, 10), (4366, 10), (4375, 10), (4384, 10), (4393, 10), (4402, 10), (4411, 10), (4420, 10), (4429, 10), (4438, 10), (4447, 10), (4456, 10), (4465, 10), (4474, 10), (4483, 10), (4492, 10), (4501, 10), (4510, 10), (4519, 10), (4528, 10), (4537, 10), (4546, 10), (4555, 10), (4564, 10), (4573, 10), (4582, 10), (4591, 10), (4600, 10), (4609, 10), (4618, 10), (4627, 10), (4636, 10), (4645, 10), (4654, 10), (4663, 10), (4672, 10), (4681, 10), (4690, 10), (4699, 10), (4708, 10), (4717, 10), (4726, 10), (4735, 10), (4744, 10), (4753, 10), (4762, 10), (4771, 10), (4780, 10), (4789, 10), (4798, 10), (4807, 10), (4816, 10), (4825, 10), (4834, 10), (4843, 10), (4852, 10), (4861, 10), (4870, 10), (4879, 10), (4888, 10), (4897, 10), (4906, 10), (4915, 10), (4924, 10), (4933, 10), (4942, 10), (4951, 10), (4960, 10), (4969, 10), (4978, 10), (4987, 10), (4996, 10), (5005, 10), (5014, 10), (5023, 10), (5032, 10), (5041, 10), (5050, 10), (5059, 10), (5068, 10), (5077, 10), (5086, 10), (5095, 10), (5104, 10), (5113, 10), (5122, 10), (5131, 10), (5140, 10), (5149, 10), (5158, 10), (5167, 10), (5176, 10), (5185, 10), (5194, 10), (5203, 10), (5212, 10), (5221, 10), (5230, 10), (5239, 10), (5248, 10), (5257, 10), (5266, 10), (5275, 10), (5284, 10), (5293, 10), (5302, 10), (5311, 10), (5320, 10), (5329, 10), (5338, 10), (5347, 10), (5356, 10), (5365, 10), (5374, 10), (5383, 10), (5392, 10), (5401, 10), (5410, 10), (5419, 10), (5428, 10), (5437, 10), (5446, 10), (5455, 10), (5464, 10), (5473, 10), (5482, 10), (5491, 10), (5500, 10), (5509, 10), (5518, 10), (5527, 10), (5536, 10), (5545, 10), (5554, 10), (5563, 10), (5572, 10), (5581, 10), (5590, 10), (5599, 10), (5608, 10), (5617, 10), (5626, 10), (5635, 10), (5644, 10), (5653, 10), (5662, 10), (5671, 10), (5680, 10), (5689, 10), (5698, 10), (5707, 10), (5716, 10), (5725, 10), (5734, 10), (5743, 10), (5752, 10), (5761, 10), (5770, 10), (5779, 10), (5788, 10), (5797, 10), (5806, 10), (5815, 10), (5824, 10), (5833, 10), (5842, 10), (5851, 10), (5860, 10), (5869, 10), (5878, 10), (5887, 10), (5896, 10), (5905, 10), (5914, 10), (5923, 10), (5932, 10), (5941, 10), (5950, 10), (5959, 10), (5968, 10), (5977, 10), (5986, 10), (5995, 10), (6004, 10), (6013, 10), (6022, 10), (6031, 10), (6040, 10), (6049, 10), (6058, 10), (6067, 10), (6076, 10), (6085, 10), (6094, 10), (6103, 10), (6112, 10), (6121, 10), (6130, 10), (6139, 10), (6148, 10), (6157, 10), (6166, 10), (6175, 10), (6184, 10), (6193, 10), (6202, 10), (6211, 10), (6220, 10), (6229, 10), (6238, 10), (6247, 10), (6256, 10), (6265, 10), (6274, 10), (6283, 10), (6292, 10), (6301, 10), (6310, 10), (6319, 10), (6328, 10), (6337, 10), (6346, 10), (6355, 10), (6364, 10), (6373, 10), (6382, 10), (6391, 10), (6400, 10), (6409, 10), (6418, 10), (6427, 10), (6436, 10), (6445, 10), (6454, 10), (6463, 10), (6472, 10), (6481, 10), (6490, 10), (6499, 10), (6508, 10), (6517, 10), (6526, 10), (6535, 10), (6544, 10), (6553, 10), (6562, 10), (6571, 10), (6580, 10), (6589, 10), (6598, 10), (6607, 10), (6616, 10), (6625, 10), (6634, 10), (6643, 10), (6652, 10), (6661, 10), (6670, 10), (6679, 10), (6688, 10), (6697, 10), (6706, 10), (6715, 10), (6724, 10), (6733, 10), (6742, 10), (6751, 10), (6760, 10), (6769, 10), (6778, 10), (6787, 10), (6796, 10), (6805, 10), (6814, 10), (6823, 10), (6832, 10), (6841, 10), (6850, 10), (6859, 10), (6868, 10), (6877, 10), (6886, 10), (6895, 10), (6904, 10), (6913, 10), (6922, 10), (6931, 10), (6940, 10), (6949, 10), (6958, 10), (6967, 10), (6976, 10), (6985, 10), (6994, 10), (7003, 10), (7012, 10), (7021, 10), (7030, 10), (7039, 10), (7048, 10), (7057, 10), (7066, 10), (7075, 10), (7084, 10), (7093, 10), (7102, 10), (7111, 10), (7120, 10), (7129, 10), (7138, 10), (7147, 10), (7156, 10), (7165, 10), (7174, 10), (7183, 10), (7192, 10), (7201, 10), (7210, 10), (7219, 10), (7228, 10), (7237, 10), (7246, 10), (7255, 10), (7264, 10), (7273, 10), (7282, 10), (7291, 10), (7300, 10), (7309, 10), (7318, 10), (7327, 10), (7336, 10), (7345, 10), (7354, 10), (7363, 10), (7372, 10), (7381, 10), (7390, 10), (7399, 10), (7408, 10), (7417, 10), (7426, 10), (7435, 10), (7444, 10), (7453, 10), (7462, 10), (7471, 10), (7480, 10), (7489, 10), (7498, 10), (7507, 10), (7516, 10), (7525, 10), (7534, 10), (7543, 10), (7552, 10), (7561, 10), (7570, 10), (7579, 10), (7588, 10), (7597, 10), (7606, 10), (7615, 10), (7624, 10), (7633, 10), (7642, 10), (7651, 10), (7660, 10), (7669, 10), (7678, 10), (7687, 10), (7696, 10), (7705, 10), (7714, 10), (7723, 10), (7732, 10), (7741, 10), (7750, 10), (7759, 10), (7768, 10), (7777, 10), (7786, 10), (7795, 10), (7804, 10), (7813, 10), (7822, 10), (7831, 10), (7840, 10), (7849, 10), (7858, 10), (7867, 10), (7876, 10), (7885, 10), (7894, 10), (7903, 10), (7912, 10), (7921, 10), (7930, 10), (7939, 10), (7948, 10), (7957, 10), (7966, 10), (7975, 10), (7984, 10), (7993, 10), (8002, 10), (8011, 10), (8020, 10), (8029, 10), (8038, 10), (8047, 10), (8056, 10), (8065, 10), (8074, 10), (8083, 10), (8092, 10), (8101, 10), (8110, 10), (8119, 10), (8128, 10), (8137, 10), (8146, 10), (8155, 10), (8164, 10), (8173, 10), (8182, 10), (8191, 10), (8200, 10), (8209, 10), (8218, 10), (8227, 10), (8236, 10), (8245, 10), (8254, 10), (8263, 10), (8272, 10), (8281, 10), (8290, 10), (8299, 10), (8308, 10), (8317, 10), (8326, 10), (8335, 10), (8344, 10), (8353, 10), (8362, 10), (8371, 10), (8380, 10), (8389, 10), (8398, 10), (8407, 10), (8416, 10), (8425, 10), (8434, 10), (8443, 10), (8452, 10), (8461, 10), (8470, 10), (8479, 10), (8488, 10), (8497, 10), (8506, 10), (8515, 10), (8524, 10), (8533, 10), (8542, 10), (8551, 10), (8560, 10), (8569, 10), (8578, 10), (8587, 10), (8596, 10), (8605, 10), (8614, 10), (8623, 10), (8632, 10), (8641, 10), (8650, 10), (8659, 10), (8668, 10), (8677, 10), (8686, 10), (8695, 10), (8704, 10), (8713, 10), (8722, 10), (8731, 10), (8740, 10), (8749, 10), (8758, 10), (8767, 10), (8776, 10), (8785, 10), (8794, 10), (8803, 10), (8812, 10), (8821, 10), (8830, 10), (8839, 10), (8848, 10), (8857, 10), (8866, 10), (8875, 10), (8884, 10), (8893, 10), (8902, 10), (8911, 10), (8920, 10), (8929, 10), (8938, 10), (8947, 10), (8956, 10), (8965, 10), (8974, 10), (8983, 10), (8992, 10), (9001, 10), (9010, 10), (9019, 10), (9028, 10), (9037, 10), (9046, 10), (9055, 10), (9064, 10), (9073, 10), (9082, 10), (9091, 10),
(100, 15), (109, 15), (118, 15), (127, 15), (136, 15), (145, 15), (154, 15), (163, 15), (172, 15), (181, 15), (190, 15), (199, 15), (208, 15), (217, 15), (226, 15), (235, 15), (244, 15), (253, 15), (262, 15), (271, 15), (280, 15), (289, 15), (298, 15), (307, 15), (316, 15), (325, 15), (334, 15), (343, 15), (352, 15), (361, 15), (370, 15), (379, 15), (388, 15), (397, 15), (406, 15), (415, 15), (424, 15), (433, 15), (442, 15), (451, 15), (460, 15), (469, 15), (478, 15), (487, 15), (496, 15), (505, 15), (514, 15), (523, 15), (532, 15), (541, 15), (550, 15), (559, 15), (568, 15), (577, 15), (586, 15), (595, 15), (604, 15), (613, 15), (622, 15), (631, 15), (640, 15), (649, 15), (658, 15), (667, 15), (676, 15), (685, 15), (694, 15), (703, 15), (712, 15), (721, 15), (730, 15), (739, 15), (748, 15), (757, 15), (766, 15), (775, 15), (784, 15), (793, 15), (802, 15), (811, 15), (820, 15), (829, 15), (838, 15), (847, 15), (856, 15), (865, 15), (874, 15), (883, 15), (892, 15), (901, 15), (910, 15), (919, 15), (928, 15), (937, 15), (946, 15), (955, 15), (964, 15), (973, 15), (982, 15), (991, 15), (1000, 15), (1009, 15), (1018, 15), (1027, 15), (1036, 15), (1045, 15), (1054, 15), (1063, 15), (1072, 15), (1081, 15), (1090, 15), (1099, 15), (1108, 15), (1117, 15), (1126, 15), (1135, 15), (1144, 15), (1153, 15), (1162, 15), (1171, 15), (1180, 15), (1189, 15), (1198, 15), (1207, 15), (1216, 15), (1225, 15), (1234, 15), (1243, 15), (1252, 15), (1261, 15), (1270, 15), (1279, 15), (1288, 15), (1297, 15), (1306, 15), (1315, 15), (1324, 15), (1333, 15), (1342, 15), (1351, 15), (1360, 15), (1369, 15), (1378, 15), (1387, 15), (1396, 15), (1405, 15), (1414, 15), (1423, 15), (1432, 15), (1441, 15), (1450, 15), (1459, 15), (1468, 15), (1477, 15), (1486, 15), (1495, 15), (1504, 15), (1513, 15), (1522, 15), (1531, 15), (1540, 15), (1549, 15), (1558, 15), (1567, 15), (1576, 15), (1585, 15), (1594, 15), (1603, 15), (1612, 15), (1621, 15), (1630, 15), (1639, 15), (1648, 15), (1657, 15), (1666, 15), (1675, 15), (1684, 15), (1693, 15), (1702, 15), (1711, 15), (1720, 15), (1729, 15), (1738, 15), (1747, 15), (1756, 15), (1765, 15), (1774, 15), (1783, 15), (1792, 15), (1801, 15), (1810, 15), (1819, 15), (1828, 15), (1837, 15), (1846, 15), (1855, 15), (1864, 15), (1873, 15), (1882, 15), (1891, 15), (1900, 15), (1909, 15), (1918, 15), (1927, 15), (1936, 15), (1945, 15), (1954, 15), (1963, 15), (1972, 15), (1981, 15), (1990, 15), (1999, 15), (2008, 15), (2017, 15), (2026, 15), (2035, 15), (2044, 15), (2053, 15), (2062, 15), (2071, 15), (2080, 15), (2089, 15), (2098, 15), (2107, 15), (2116, 15), (2125, 15), (2134, 15), (2143, 15), (2152, 15), (2161, 15), (2170, 15), (2179, 15), (2188, 15), (2197, 15), (2206, 15), (2215, 15), (2224, 15), (2233, 15), (2242, 15), (2251, 15), (2260, 15), (2269, 15), (2278, 15), (2287, 15), (2296, 15), (2305, 15), (2314, 15), (2323, 15), (2332, 15), (2341, 15), (2350, 15), (2359, 15), (2368, 15), (2377, 15), (2386, 15), (2395, 15), (2404, 15), (2413, 15), (2422, 15), (2431, 15), (2440, 15), (2449, 15), (2458, 15), (2467, 15), (2476, 15), (2485, 15), (2494, 15), (2503, 15), (2512, 15), (2521, 15), (2530, 15), (2539, 15), (2548, 15), (2557, 15), (2566, 15), (2575, 15), (2584, 15), (2593, 15), (2602, 15), (2611, 15), (2620, 15), (2629, 15), (2638, 15), (2647, 15), (2656, 15), (2665, 15), (2674, 15), (2683, 15), (2692, 15), (2701, 15), (2710, 15), (2719, 15), (2728, 15), (2737, 15), (2746, 15), (2755, 15), (2764, 15), (2773, 15), (2782, 15), (2791, 15), (2800, 15), (2809, 15), (2818, 15), (2827, 15), (2836, 15), (2845, 15), (2854, 15), (2863, 15), (2872, 15), (2881, 15), (2890, 15), (2899, 15), (2908, 15), (2917, 15), (2926, 15), (2935, 15), (2944, 15), (2953, 15), (2962, 15), (2971, 15), (2980, 15), (2989, 15), (2998, 15), (3007, 15), (3016, 15), (3025, 15), (3034, 15), (3043, 15), (3052, 15), (3061, 15), (3070, 15), (3079, 15), (3088, 15), (3097, 15), (3106, 15), (3115, 15), (3124, 15), (3133, 15), (3142, 15), (3151, 15), (3160, 15), (3169, 15), (3178, 15), (3187, 15), (3196, 15), (3205, 15), (3214, 15), (3223, 15), (3232, 15), (3241, 15), (3250, 15), (3259, 15), (3268, 15), (3277, 15), (3286, 15), (3295, 15), (3304, 15), (3313, 15), (3322, 15), (3331, 15), (3340, 15), (3349, 15), (3358, 15), (3367, 15), (3376, 15), (3385, 15), (3394, 15), (3403, 15), (3412, 15), (3421, 15), (3430, 15), (3439, 15), (3448, 15), (3457, 15), (3466, 15), (3475, 15), (3484, 15), (3493, 15), (3502, 15), (3511, 15), (3520, 15), (3529, 15), (3538, 15), (3547, 15), (3556, 15), (3565, 15), (3574, 15), (3583, 15), (3592, 15), (3601, 15), (3610, 15), (3619, 15), (3628, 15), (3637, 15), (3646, 15), (3655, 15), (3664, 15), (3673, 15), (3682, 15), (3691, 15), (3700, 15), (3709, 15), (3718, 15), (3727, 15), (3736, 15), (3745, 15), (3754, 15), (3763, 15), (3772, 15), (3781, 15), (3790, 15), (3799, 15), (3808, 15), (3817, 15), (3826, 15), (3835, 15), (3844, 15), (3853, 15), (3862, 15), (3871, 15), (3880, 15), (3889, 15), (3898, 15), (3907, 15), (3916, 15), (3925, 15), (3934, 15), (3943, 15), (3952, 15), (3961, 15), (3970, 15), (3979, 15), (3988, 15), (3997, 15), (4006, 15), (4015, 15), (4024, 15), (4033, 15), (4042, 15), (4051, 15), (4060, 15), (4069, 15), (4078, 15), (4087, 15), (4096, 15), (4105, 15), (4114, 15), (4123, 15), (4132, 15), (4141, 15), (4150, 15), (4159, 15), (4168, 15), (4177, 15), (4186, 15), (4195, 15), (4204, 15), (4213, 15), (4222, 15), (4231, 15), (4240, 15), (4249, 15), (4258, 15), (4267, 15), (4276, 15), (4285, 15), (4294, 15), (4303, 15), (4312, 15), (4321, 15), (4330, 15), (4339, 15), (4348, 15), (4357, 15), (4366, 15), (4375, 15), (4384, 15), (4393, 15), (4402, 15), (4411, 15), (4420, 15), (4429, 15), (4438, 15), (4447, 15), (4456, 15), (4465, 15), (4474, 15), (4483, 15), (4492, 15), (4501, 15), (4510, 15), (4519, 15), (4528, 15), (4537, 15), (4546, 15), (4555, 15), (4564, 15), (4573, 15), (4582, 15), (4591, 15), (4600, 15), (4609, 15), (4618, 15), (4627, 15), (4636, 15), (4645, 15), (4654, 15), (4663, 15), (4672, 15), (4681, 15), (4690, 15), (4699, 15), (4708, 15), (4717, 15), (4726, 15), (4735, 15), (4744, 15), (4753, 15), (4762, 15), (4771, 15), (4780, 15), (4789, 15), (4798, 15), (4807, 15), (4816, 15), (4825, 15), (4834, 15), (4843, 15), (4852, 15), (4861, 15), (4870, 15), (4879, 15), (4888, 15), (4897, 15), (4906, 15), (4915, 15), (4924, 15), (4933, 15), (4942, 15), (4951, 15), (4960, 15), (4969, 15), (4978, 15), (4987, 15), (4996, 15), (5005, 15), (5014, 15), (5023, 15), (5032, 15), (5041, 15), (5050, 15), (5059, 15), (5068, 15), (5077, 15), (5086, 15), (5095, 15), (5104, 15), (5113, 15), (5122, 15), (5131, 15), (5140, 15), (5149, 15), (5158, 15), (5167, 15), (5176, 15), (5185, 15), (5194, 15), (5203, 15), (5212, 15), (5221, 15), (5230, 15), (5239, 15), (5248, 15), (5257, 15), (5266, 15), (5275, 15), (5284, 15), (5293, 15), (5302, 15), (5311, 15), (5320, 15), (5329, 15), (5338, 15), (5347, 15), (5356, 15), (5365, 15), (5374, 15), (5383, 15), (5392, 15), (5401, 15), (5410, 15), (5419, 15), (5428, 15), (5437, 15), (5446, 15), (5455, 15), (5464, 15), (5473, 15), (5482, 15), (5491, 15), (5500, 15), (5509, 15), (5518, 15), (5527, 15), (5536, 15), (5545, 15), (5554, 15), (5563, 15), (5572, 15), (5581, 15), (5590, 15), (5599, 15), (5608, 15), (5617, 15), (5626, 15), (5635, 15), (5644, 15), (5653, 15), (5662, 15), (5671, 15), (5680, 15), (5689, 15), (5698, 15), (5707, 15), (5716, 15), (5725, 15), (5734, 15), (5743, 15), (5752, 15), (5761, 15), (5770, 15), (5779, 15), (5788, 15), (5797, 15), (5806, 15), (5815, 15), (5824, 15), (5833, 15), (5842, 15), (5851, 15), (5860, 15), (5869, 15), (5878, 15), (5887, 15), (5896, 15), (5905, 15), (5914, 15), (5923, 15), (5932, 15), (5941, 15), (5950, 15), (5959, 15), (5968, 15), (5977, 15), (5986, 15), (5995, 15), (6004, 15), (6013, 15), (6022, 15), (6031, 15), (6040, 15), (6049, 15), (6058, 15), (6067, 15), (6076, 15), (6085, 15), (6094, 15), (6103, 15), (6112, 15), (6121, 15), (6130, 15), (6139, 15), (6148, 15), (6157, 15), (6166, 15), (6175, 15), (6184, 15), (6193, 15), (6202, 15), (6211, 15), (6220, 15), (6229, 15), (6238, 15), (6247, 15), (6256, 15), (6265, 15), (6274, 15), (6283, 15), (6292, 15), (6301, 15), (6310, 15), (6319, 15), (6328, 15), (6337, 15), (6346, 15), (6355, 15), (6364, 15), (6373, 15), (6382, 15), (6391, 15), (6400, 15), (6409, 15), (6418, 15), (6427, 15), (6436, 15), (6445, 15), (6454, 15), (6463, 15), (6472, 15), (6481, 15), (6490, 15), (6499, 15), (6508, 15), (6517, 15), (6526, 15), (6535, 15), (6544, 15), (6553, 15), (6562, 15), (6571, 15), (6580, 15), (6589, 15), (6598, 15), (6607, 15), (6616, 15), (6625, 15), (6634, 15), (6643, 15), (6652, 15), (6661, 15), (6670, 15), (6679, 15), (6688, 15), (6697, 15), (6706, 15), (6715, 15), (6724, 15), (6733, 15), (6742, 15), (6751, 15), (6760, 15), (6769, 15), (6778, 15), (6787, 15), (6796, 15), (6805, 15), (6814, 15), (6823, 15), (6832, 15), (6841, 15), (6850, 15), (6859, 15), (6868, 15), (6877, 15), (6886, 15), (6895, 15), (6904, 15), (6913, 15), (6922, 15), (6931, 15), (6940, 15), (6949, 15), (6958, 15), (6967, 15), (6976, 15), (6985, 15), (6994, 15), (7003, 15), (7012, 15), (7021, 15), (7030, 15), (7039, 15), (7048, 15), (7057, 15), (7066, 15), (7075, 15), (7084, 15), (7093, 15), (7102, 15), (7111, 15), (7120, 15), (7129, 15), (7138, 15), (7147, 15), (7156, 15), (7165, 15), (7174, 15), (7183, 15), (7192, 15), (7201, 15), (7210, 15), (7219, 15), (7228, 15), (7237, 15), (7246, 15), (7255, 15), (7264, 15), (7273, 15), (7282, 15), (7291, 15), (7300, 15), (7309, 15), (7318, 15), (7327, 15), (7336, 15), (7345, 15), (7354, 15), (7363, 15), (7372, 15), (7381, 15), (7390, 15), (7399, 15), (7408, 15), (7417, 15), (7426, 15), (7435, 15), (7444, 15), (7453, 15), (7462, 15), (7471, 15), (7480, 15), (7489, 15), (7498, 15), (7507, 15), (7516, 15), (7525, 15), (7534, 15), (7543, 15), (7552, 15), (7561, 15), (7570, 15), (7579, 15), (7588, 15), (7597, 15), (7606, 15), (7615, 15), (7624, 15), (7633, 15), (7642, 15), (7651, 15), (7660, 15), (7669, 15), (7678, 15), (7687, 15), (7696, 15), (7705, 15), (7714, 15), (7723, 15), (7732, 15), (7741, 15), (7750, 15), (7759, 15), (7768, 15), (7777, 15), (7786, 15), (7795, 15), (7804, 15), (7813, 15), (7822, 15), (7831, 15), (7840, 15), (7849, 15), (7858, 15), (7867, 15), (7876, 15), (7885, 15), (7894, 15), (7903, 15), (7912, 15), (7921, 15), (7930, 15), (7939, 15), (7948, 15), (7957, 15), (7966, 15), (7975, 15), (7984, 15), (7993, 15), (8002, 15), (8011, 15), (8020, 15), (8029, 15), (8038, 15), (8047, 15), (8056, 15), (8065, 15), (8074, 15), (8083, 15), (8092, 15), (8101, 15), (8110, 15), (8119, 15), (8128, 15), (8137, 15), (8146, 15), (8155, 15), (8164, 15), (8173, 15), (8182, 15), (8191, 15), (8200, 15), (8209, 15), (8218, 15), (8227, 15), (8236, 15), (8245, 15), (8254, 15), (8263, 15), (8272, 15), (8281, 15), (8290, 15), (8299, 15), (8308, 15), (8317, 15), (8326, 15), (8335, 15), (8344, 15), (8353, 15), (8362, 15), (8371, 15), (8380, 15), (8389, 15), (8398, 15), (8407, 15), (8416, 15), (8425, 15), (8434, 15), (8443, 15), (8452, 15), (8461, 15), (8470, 15), (8479, 15), (8488, 15), (8497, 15), (8506, 15), (8515, 15), (8524, 15), (8533, 15), (8542, 15), (8551, 15), (8560, 15), (8569, 15), (8578, 15), (8587, 15), (8596, 15), (8605, 15), (8614, 15), (8623, 15), (8632, 15), (8641, 15), (8650, 15), (8659, 15), (8668, 15), (8677, 15), (8686, 15), (8695, 15), (8704, 15), (8713, 15), (8722, 15), (8731, 15), (8740, 15), (8749, 15), (8758, 15), (8767, 15), (8776, 15), (8785, 15), (8794, 15), (8803, 15), (8812, 15), (8821, 15), (8830, 15), (8839, 15), (8848, 15), (8857, 15), (8866, 15), (8875, 15), (8884, 15), (8893, 15), (8902, 15), (8911, 15), (8920, 15), (8929, 15), (8938, 15), (8947, 15), (8956, 15), (8965, 15), (8974, 15), (8983, 15), (8992, 15), (9001, 15), (9010, 15), (9019, 15), (9028, 15), (9037, 15), (9046, 15), (9055, 15), (9064, 15), (9073, 15), (9082, 15), (9091, 15)



